67
-7966
68
-8062
69
-8158
70
-8254
71
-8350
72
-8446
73
-8542
74
-8638
75
-8734
76
-8830
77
-8926
78
-9022
79
-9118
80
-9214
81
-9310
82
-9406
83
-9502
84
-9598
85
-9694
86
-9790
87
-9886
88
-9982
89
-10078
90
-10174
91
-10270
92
-10366
93
-10462
94
-10558
95
-10654
96
-10750
97
-10846
98
-10942
99
-11038
100
-11134
101
-11230
102
-11326
103
-11422
104
-11518
105
-11614
106
-11710
107
-11806
108
-11902
109
-11998
110
-12094
111
-12190
112
-12286
113
-12382
114
-12478
115
-12574
116
-12670
117
-12766
118
-12862
119
-12958
120
-13054
121
-13150
122
-13246
123
-13342
124
-13438
125
-13534
126
-13630
127
-13726
128
-13822
129
-13918
130
-14014
131
-14110
132
-14206
133
-14302
134
-14398
135
-14494
136
-14590
137
-14686
138
-14782
139
-14878
140
-14974
141
-15070
142
-15166
143
-15262
144
-15358
145
-15454
146
-15550
147
-15646
148
-15742
149
-15838
150
-15934
151
-16030
152
-16126
153
-16222
154
-16318
155
-16414
156
-16510
157
-16606
158
-16702
159
-16798
160
-16894
161
-16990
162
-17086
163
-17182
164
-17278
165
-17374
166
-17470
167
-17566
168
-17662
169
-17758
170
-17854
171
-17950
172
-18046
173
-18142
174
-18238
175
-18334
176
-18430
177
-18526
178
-18622
179
-18718
180
-18814
181
-18910
182
-19006
183
-19102
184
-19198
185
-19294
186
-19390
187
-19486
188
-19582
189
-19678
190
-19774
191
-19870
192
-19966
193
-20062
194
-20158
195
-20254
196
-20350
197
-20446
198
-20542
199
-20638
200
-20734
201
-20830
202
-20926
203
-21022
204
-21118
205
-21214
206
-21310
207
-21406
208
-21502
209
-21598
210
-21694
211
-21790
212
-21886
213
-21982
214
-22078
215
-22174
216
-22270
217
-22366
218
-22462
219
-22558
220
-22654
221
-22750
222
-22846
223
-22942
224
-23038
225
-23134
226
-23230
227
-23326
228
-23422
229
-23518
230
-23614
231
-23710
232
-23806
233
-23902
234
-23998
235
-24094
236
-24190
237
-24286
238
-24382
239
-24478
240
-24574
241
-24670
242
-24766
243
-24862
244
-24958
245
-25054
246
-25150
247
-25246
248
-25342
249
-25438
250
-25534
251
-25630
1
-5144
2
5051
3
10226
4
10130
5
10034
6
9938
7
9842
8
9746
9
9650
10
9554
11
9458
12
9362
13
9266
14
9170
15
9074
16
8978
17
8882
18
8786
19
8690
20
8594
21
8498
22
8402
23
8306
24
8210
25
8114
26
8018
27
7922
28
7826
29
7730
30
7634
31
7538
32
7442
33
10107
34
-20611
35
-3890
36
-3986
37
-4082
38
-4178
39
-4274
40
-4370
41
-4466
42
-4562
43
-4658
44
-4754
45
-4850
46
-4946
47
-5042
48
-5138
49
-5234
50
-5330
51
-5426
52
-5522
53
-5618
54
-5714
55
-5810
56
-5906
57
-6002
58
-6098
59
-6194
60
-6290
61
-6386
62
-6482
63
-6578
64
-6674
65
1764
66
-26193
67
-7966
68
-8062
69
-8158
70
-8254
71
-8350
72
-8446
73
-8542
74
-8638
75
-8734
76
-8830
77
-8926
78
-9022
79
-9118
80
-9214
81
-9310
82
-9406
83
-9502
84
-9598
85
-9694
86
-9790
87
-9886
88
-9982
89
-10078
90
-10174
91
-10270
92
-10366
93
-10462
94
-10558
95
-10654
96
-10750
97
-10846
98
-10942
99
-11038
100
-11134
101
-11230
102
-11326
103
-11422
104
-11518
105
-11614
106
-11710
107
-11806
108
-11902
109
-11998
110
-12094
111
-12190
112
-12286
113
-12382
114
-12478
115
-12574
116
-12670
117
-12766
118
-12862
119
-12958
120
-13054
121
-13150
122
-13246
123
-13342
124
-13438
125
-13534
126
-13630
127
-13726
128
-13822
129
-13918
130
-14014
131
-14110
132
-14206
133
-14302
134
-14398
135
-14494
136
-14590
137
-14686
138
-14782
139
-14878
140
-14974
141
-15070
142
-15166
143
-15262
144
-15358
145
-15454
146
-15550
147
-15646
148
-15742
149
-15838
150
-15934
151
-16030
152
-16126
153
-16222
154
-16318
155
-16414
156
-16510
157
-16606
158
-16702
159
-16798
160
-16894
161
-16990
162
-17086
163
-17182
164
-17278
165
-17374
166
-17470
167
-17566
168
-17662
169
-17758
170
-17854
171
-17950
172
-18046
173
-18142
174
-18238
175
-18334
176
-18430
177
-18526
178
-18622
179
-18718
180
-18814
181
-18910
182
-19006
183
-19102
184
-19198
185
-19294
186
-19390
187
-19486
188
-19582
189
-19678
190
-19774
191
-19870
192
-19966
193
-20062
194
-20158
195
-20254
196
-20350
197
-20446
198
-20542
199
-20638
200
-20734
201
-20830
202
-20926
203
-21022
204
-21118
205
-21214
206
-21310
207
-21406
208
-21502
209
-21598
210
-21694
211
-21790
212
-21886
213
-21982
214
-22078
215
-22174
216
-22270
217
-22366
218
-22462
219
-22558
220
-22654
221
-22750
222
-22846
223
-22942
224
-23038
225
-23134
226
-23230
227
-23326
228
-23422
229
-23518
230
-23614
231
-23710
232
-23806
233
-23902
234
-23998
235
-24094
236
-24190
237
-24286
238
-24382
239
-24478
240
-24574
241
-24670
242
-24766
243
-24862
244
-24958
245
-25054
246
-25150
247
-25246
248
-25342
249
-25438
250
-25534
251
-25630
1
-5144
2
5051
3
10226
4
10130
5
10034
6
9938
7
9842
8
9746
9
9650
10
9554
11
9458
12
9362
13
9266
14
9170
15
9074
16
8978
17
8882
18
8786
19
8690
20
8594
21
8498
22
8402
23
8306
24
8210
25
8114
26
8018
27
7922
28
7826
29
7730
30
7634
31
7538
32
7442
33
10107
34
-20611
35
-3890
36
-3986
37
-4082
38
-4178
39
-4274
40
-4370
41
-4466
42
-4562
43
-4658
44
-4754
45
-4850
46
-4946
47
-5042
48
-5138
49
-5234
50
-5330
51
-5426
52
-5522
53
-5618
54
-5714
55
-5810
56
-5906
57
-6002
58
-6098
59
-6194
60
-6290
61
-6386
62
-6482
63
-6578
64
-6674
65
1764
66
-26193
67
-7966
68
-8062
69
-8158
70
-8254
71
-8350
72
-8446
73
-8542
74
-8638
75
-8734
76
-8830
77
-8926
78
-9022
79
-9118
80
-9214
81
-9310
82
-9406
83
-9502
84
-9598
85
-9694
86
-9790
87
-9886
88
-9982
89
-10078
90
-10174
91
-10270
92
-10366
93
-10462
94
-10558
95
-10654
96
-10750
97
-10846
98
-10942
99
-11038
100
-11134
101
-11230
102
-11326
103
-11422
104
-11518
105
-11614
106
-11710
107
-11806
108
-11902
109
-11998
110
-12094
111
-12190
112
-12286
113
-12382
114
-12478
115
-12574
116
-12670
117
-12766
118
-12862
119
-12958
120
-13054
121
-13150
122
-13246
123
-13342
124
-13438
125
-13534
126
-13630
127
-13726
128
-13822
129
-13918
130
-14014
131
-14110
132
-14206
133
-14302
134
-14398
135
-14494
136
-14590
137
-14686
138
-14782
139
-14878
140
-14974
141
-15070
142
-15166
143
-15262
144
-15358
145
-15454
146
-15550
147
-15646
148
-15742
149
-15838
150
-15934
151
-16030
152
-16126
153
-16222
154
-16318
155
-16414
156
-16510
157
-16606
158
-16702
159
-16798
160
-16894
161
-16990
162
-17086
163
-17182
164
-17278
165
-17374
166
-17470
167
-17566
168
-17662
169
-17758
170
-17854
171
-17950
172
-18046
173
-18142
174
-18238
175
-18334
176
-18430
177
-18526
178
-18622
179
-18718
180
-18814
181
-18910
182
-19006
183
-19102
184
-19198
185
-19294
186
-19390
187
-19486
188
-19582
189
-19678
190
-19774
191
-19870
192
-19966
193
-20062
194
-20158
195
-20254
196
-20350
197
-20446
198
-20542
199
-20638
200
-20734
201
-20830
202
-20926
203
-21022
204
-21118
205
-21214
206
-21310
207
-21406
208
-21502
209
-21598
210
-21694
211
-21790
212
-21886
213
-21982
214
-22078
215
-22174
216
-22270
217
-22366
218
-22462
219
-22558
220
-22654
221
-22750
222
-22846
223
-22942
224
-23038
225
-23134
226
-23230
227
-23326
228
-23422
229
-23518
230
-23614
231
-23710
232
-23806
233
-23902
234
-23998
235
-24094
236
-24190
237
-24286
238
-24382
239
-24478
240
-24574
241
-24670
242
-24766
243
-24862
244
-24958
245
-25054
246
-25150
247
-25246
248
-25342
249
-25438
250
-25534
251
-25630
1
-5144
2
5051
3
10226
4
10130
5
10034
6
9938
7
9842
8
9746
9
9650
10
9554
11
9458
12
9362
13
9266
14
9170
15
9074
16
8978
17
8882
18
8786
19
8690
20
8594
21
8498
22
8402
23
8306
24
8210
25
8114
26
8018
27
7922
28
7826
29
7730
30
7634
31
7538
32
7442
33
10107
34
-20611
35
-3890
36
-3986
37
-4082
38
-4178
39
-4274
40
-4370
41
-4466
42
-4562
43
-4658
44
-4754
45
-4850
46
-4946
47
-5042
48
-5138
49
-5234
50
-5330
51
-5426
52
-5522
53
-5618
54
-5714
55
-5810
56
-5906
57
-6002
58
-6098
59
-6194
60
-6290
61
-6386
62
-6482
63
-6578
64
-6674
65
1764
66
-26193
67
-7966
68
-8062
69
-8158
70
-8254
71
-8350
72
-8446
73
-8542
74
-8638
75
-8734
76
-8830
77
-8926
78
-9022
79
-9118
80
-9214
81
-9310
82
-9406
83
-9502
84
-9598
85
-9694
86
-9790
87
-9886
88
-9982
89
-10078
90
-10174
91
-10270
92
-10366
93
-10462
94
-10558
95
-10654
96
-10750
97
-10846
98
-10942
99
-11038
100
-11134
101
-11230
102
-11326
103
-11422
104
-11518
105
-11614
106
-11710
107
-11806
108
-11902
109
-11998
110
-12094
111
-12190
112
-12286
113
-12382
114
-12478
115
-12574
116
-12670
117
-12766
118
-12862
119
-12958
120
-13054
121
-13150
122
-13246
123
-13342
124
-13438
125
-13534
126
-13630
127
-13726
128
-13822
129
-13918
130
-14014
131
-14110
132
-14206
133
-14302
134
-14398
135
-14494
136
-14590
137
-14686
138
-14782
139
-14878
140
-14974
141
-15070
142
-15166
143
-15262
144
-15358
145
-15454
146
-15550
147
-15646
148
-15742
149
-15838
150
-15934
151
-16030
152
-16126
153
-16222
154
-16318
155
-16414
156
-16510
157
-16606
158
-16702
159
-16798
160
-16894
161
-16990
162
-17086
163
-17182
164
-17278
165
-17374
166
-17470
167
-17566
168
-17662
169
-17758
170
-17854
171
-17950
172
-18046
173
-18142
174
-18238
175
-18334
176
-18430
177
-18526
178
-18622
179
-18718
180
-18814
181
-18910
182
-19006
183
-19102
184
-19198
185
-19294
186
-19390
187
-19486
188
-19582
189
-19678
190
-19774
191
-19870
192
-19966
193
-20062
194
-20158
195
-20254
196
-20350
197
-20446
198
-20542
199
-20638
200
-20734
201
-20830
202
-20926
203
-21022
204
-21118
205
-21214
206
-21310
207
-21406
208
-21502
209
-21598
210
-21694
211
-21790
212
-21886
213
-21982
214
-22078
215
-22174
216
-22270
217
-22366
218
-22462
219
-22558
220
-22654
221
-22750
222
-22846
223
-22942
224
-23038
225
-23134
226
-23230
227
-23326
228
-23422
229
-23518
230
-23614
231
-23710
232
-23806
233
-23902
234
-23998
235
-24094
236
-24190
237
-24286
238
-24382
239
-24478
240
-24574
241
-24670
242
-24766
243
-24862
244
-24958
245
-25054
246
-25150
247
-25246
248
-25342
249
-25438
250
-25534
251
-25630
1
-5144
2
5051
3
10226
4
10130
5
10034
6
9938
7
9842
8
9746
9
9650
10
9554
11
9458
12
9362
13
9266
14
9170
15
9074
16
8978
17
8882
18
8786
19
8690
20
8594
21
8498
22
8402
23
8306
24
8210
25
8114
26
8018
27
7922
28
7826
29
7730
30
7634
31
7538
32
7442
33
10107
34
-20611
35
-3890
36
-3986
37
-4082
38
-4178
39
-4274
40
-4370
41
-4466
42
-4562
43
-4658
44
-4754
45
-4850
46
-4946
47
-5042
48
-5138
49
-5234
50
-5330
51
-5426
52
-5522
53
-5618
54
-5714
55
-5810
56
-5906
57
-6002
58
-6098
59
-6194
60
-6290
61
-6386
62
-6482
63
-6578
64
-6674
65
1764
66
-26193
67
-7966
68
-8062
69
-8158
70
-8254
71
-8350
72
-8446
73
-8542
74
-8638
75
-8734
76
-8830
77
-8926
78
-9022
79
-9118
80
-9214
81
-9310
82
-9406
83
-9502
84
-9598
85
-9694
86
-9790
187
-24764
118
-24068
236
-2000
217
-25676
179
-35242
103
-26218
207
-9383
158
-18105
61
-17170
123
1348
247
-11891
239
-45364
223
-20568
191
-35799
126
-17522
253
-7856
250
-40263
244
-41509
233
-18918
211
-17831
166
-39971
76
-4355
153
-24142
51
3810
102
1307
205
-24398
154
-8880
53
-27336
106
-36
212
-17274
168
-16061
81
964
163
-20245
70
-6812
140
-8515
24
9621
48
-8402
96
-3849
193
-21889
131
5784
7
-13887
14
1386
29
5529
58
4115
117
7258
234
-25268
213
-22057
170
-18194
85
-7987
171
-9909
87
-4976
175
-1938
95
-17384
190
-8162
124
-32557
249
-15967
242
-28003
229
-35959
202
-4727
148
-29628
40
-8881
80
-13217
161
402
66
1925
132
-19279
9
6765
19
-17197
39
18164
79
-14683
159
-13378
63
-15643
127
9423
255
-24113
254
-50972
252
-34711
248
-23728
240
-30378
225
-24872
194
-11169
133
-23706
11
5490
23
-7046
47
10094
94
-12009
188
-5013
120
-21308
241
-22063
227
-21655
198
-20172
141
-13496
26
7504
52
-291
104
-16087
208
-27639
160
-8441
64
-2202
128
-29482
1
14709
2
-19737
4
10469
8
-7434
17
3782
35
10267
71
-2017
142
-6608
28
936
56
2466
113
-927
226
-13266
196
-16725
137
-4589
18
-3298
37
-3111
75
-24656
151
-4864
46
-17155
92
3494
184
-13198
112
-9328
224
-16531
192
-7552
129
-14859
3
-5032
6
-9498
12
2487
25
-4836
50
11757
100
3892
201
-34867
146
-1468
36
-30918
73
-10269
147
-15281
38
-9639
77
-66
155
-23247
55
-6899
110
8127
220
-29408
185
-21789
114
-13033
228
-8524
200
-20020
144
-20825
32
-19891
65
-16453
130
-8835
5
6128
10
-8661
21
13807
43
1857
86
-111
173
-31
91
-8751
182
-19134
109
-35829
218
-25430
181
-24606
107
-9021
214
-22011
172
-27414
89
6874
178
-27209
101
-23629
203
-19622
150
-10101
44
-19968
88
-6797
176
-5320
97
-12276
195
-25510
135
-3337
15
-3513
31
3186
62
11908
125
-5616
251
-32454
246
-39304
237
-29945
219
-11669
183
-46217
111
-19952
222
-15279
189
-32654
122
-6547
245
-14144
235
-34167
215
-26790
174
-29273
93
-1929
186
-16221
116
-20193
232
-10023
209
-13372
162
-29040
68
-11109
136
-18702
16
17729
33
-11134
67
-12330
134
1138
13
-2408
27
-6949
54
20098
108
-7798
216
-39433
177
-13357
99
-15139
199
-15463
143
-11593
30
-1455
60
10385
121
-13461
243
-19684
231
-32468
206
-13582
156
-18722
57
-6039
115
-4628
230
-5029
204
-28601
152
-9771
49
-16353
98
-6664
197
-11968
139
-2856
22
-12197
45
7329
90
-22426
180
2525
105
-25068
210
-32146
164
-19202
72
4492
145
-34686
34
1558
69
-6266
138
-16921
20
8660
41
-678
82
-9980
165
8691
74
-9847
149
-24395
42
-6342
84
-3118
169
-7772
83
4249
167
-12082
78
-18968
157
-14043
59
-4342
119
3431
238
-17371
221
-34745
187
-24764
118
-24068
236
-2000
217
-25676
179
-35242
103
-26218
207
-9383
158
-18105
61
-17170
123
1348
247
-11891
239
-45364
223
-20568
191
-35799
126
-17522
253
-7856
250
-40263
244
-41509
233
-18918
211
-17831
166
-39971
76
-4355
153
-24142
51
3810
102
1307
205
-24398
154
-8880
53
-27336
106
-36
212
-17274
168
-16061
81
964
163
-20245
70
-6812
140
-8515
24
9621
48
-8402
96
-3849
193
-21889
131
5784
7
-13887
14
1386
29
5529
58
4115
117
7258
234
-25268
213
-22057
170
-18194
85
-7987
171
-9909
87
-4976
175
-1938
95
-17384
190
-8162
124
-32557
249
-15967
242
-28003
229
-35959
202
-4727
148
-29628
40
-8881
80
-13217
161
402
66
1925
132
-19279
9
6765
19
-17197
39
18164
79
-14683
159
-13378
63
-15643
127
9423
255
-24113
254
-50972
252
-34711
248
-23728
240
-30378
225
-24872
194
-11169
133
-23706
11
5490
23
-7046
47
10094
94
-12009
188
-5013
120
-21308
241
-22063
227
-21655
198
-20172
141
-13496
26
7504
52
-291
104
-16087
208
-27639
160
-8441
64
-2202
128
-29482
1
14709
2
-19737
4
10469
8
-7434
17
3782
35
10267
71
-2017
142
-6608
28
936
56
2466
113
-927
226
-13266
196
-16725
137
-4589
18
-3298
37
-3111
75
-24656
151
-4864
46
-17155
92
3494
184
-13198
112
-9328
224
-16531
192
-7552
129
-14859
3
-5032
6
-9498
12
2487
25
-4836
50
11757
100
3892
201
-34867
146
-1468
36
-30918
73
-10269
147
-15281
38
-9639
77
-66
155
-23247
55
-6899
110
8127
220
-29408
185
-21789
114
-13033
228
-8524
200
-20020
144
-20825
32
-19891
65
-16453
130
-8835
5
6128
10
-8661
21
13807
43
1857
86
-111
173
-31
91
-8751
182
-19134
109
-35829
218
-25430
181
-24606
107
-9021
214
-22011
172
-27414
89
6874
178
-27209
101
-23629
203
-19622
150
-10101
44
-19968
88
-6797
176
-5320
97
-12276
195
-25510
135
-3337
15
-3513
31
3186
62
11908
125
-5616
251
-32454
246
-39304
237
-29945
219
-11669
183
-46217
111
-19952
222
-15279
189
-32654
122
-6547
245
-14144
235
-34167
215
-26790
174
-29273
93
-1929
186
-16221
116
-20193
232
-10023
209
-13372
162
-29040
68
-11109
136
-18702
16
17729
33
-11134
67
-12330
134
1138
13
-2408
27
-6949
54
20098
108
-7798
216
-39433
177
-13357
99
-15139
199
-15463
143
-11593
30
-1455
60
10385
121
-13461
243
-19684
231
-32468
206
-13582
156
-18722
57
-6039
115
-4628
230
-5029
204
-28601
152
-9771
49
-16353
98
-6664
197
-11968
139
-2856
22
-12197
45
7329
90
-22426
180
2525
105
-25068
210
-32146
164
-19202
72
4492
145
-34686
34
1558
69
-6266
138
-16921
20
8660
41
-678
82
-9980
165
8691
74
-9847
149
-24395
42
-6342
84
-3118
169
-7772
83
4249
167
-12082
78
-18968
157
-14043
59
-4342
119
3431
238
-17371
221
-34745
187
-24764
118
-24068
236
-2000
217
-25676
179
-35242
103
-26218
207
-9383
158
-18105
61
-17170
123
1348
247
-11891
239
-45364
223
-20568
191
-35799
26
7504
52
-291
104
-16087
208
-27639
160
-8441
64
-2202
128
-29482
1
14709
2
-19737
4
10469
8
-7434
17
3782
35
10267
71
-2017
142
-6608
28
936
56
2466
113
-927
226
-13266
196
-16725
137
-4589
18
-3298
37
-3111
75
-24656
151
-4864
46
-17155
92
3494
184
-13198
112
-9328
224
-16531
192
-7552
129
-14859
3
-5032
6
-9498
12
2487
25
-4836
50
11757
100
3892
201
-34867
146
-1468
36
-30918
73
-10269
147
-15281
38
-9639
77
-66
155
-23247
55
-6899
110
8127
220
-29408
185
-21789
114
-13033
228
-8524
200
-20020
144
-20825
32
-19891
65
-16453
130
-8835
5
6128
10
-8661
21
13807
43
1857
86
-111
173
-31
91
-8751
182
-19134
109
-35829
218
-25430
181
-24606
107
-9021
214
-22011
172
-27414
89
6874
178
-27209
101
-23629
203
-19622
150
-10101
44
-19968
88
-6797
176
-5320
97
-12276
195
-25510
135
-3337
15
-3513
31
3186
62
11908
125
-5616
251
-32454
246
-39304
237
-29945
219
-11669
183
-46217
111
-19952
222
-15279
189
-32654
122
-6547
245
-14144
235
-34167
215
-26790
174
-29273
93
-1929
186
-16221
116
-20193
232
-10023
209
-13372
162
-29040
68
-11109
136
-18702
16
17729
33
-11134
67
-12330
134
1138
13
-2408
27
-6949
54
20098
108
-7798
216
-39433
177
-13357
99
-15139
199
-15463
143
-11593
30
-1455
60
10385
121
-13461
243
-19684
231
-32468
206
-13582
156
-18722
57
-6039
115
-4628
230
-5029
204
-28601
152
-9771
49
-16353
98
-6664
197
-11968
139
-2856
22
-12197
45
7329
90
-22426
180
2525
105
-25068
210
-32146
164
-19202
72
4492
145
-34686
34
1558
69
-6266
138
-16921
20
8660
41
-678
82
-9980
165
8691
74
-9847
149
-24395
42
-6342
84
-3118
169
-7772
83
4249
167
-12082
78
-18968
157
-14043
59
-4342
119
3431
238
-17371
221
-34745
187
-24764
118
-24068
236
-2000
217
-25676
179
-35242
103
-26218
207
-9383
158
-18105
61
-17170
123
1348
247
-11891
239
-45364
223
-20568
191
-35799
126
-17522
253
-7856
250
-40263
244
-41509
233
-18918
211
-17831
166
-39971
76
-4355
153
-24142
51
3810
102
1307
205
-24398
154
-8880
53
-27336
106
-36
212
-17274
168
-16061
81
964
163
-20245
70
-6812
140
-8515
24
9621
48
-8402
96
-3849
193
-21889
131
5784
7
-13887
14
1386
29
5529
58
4115
117
7258
234
-25268
213
-22057
170
-18194
85
-7987
171
-9909
87
-4976
175
-1938
95
-17384
190
-8162
124
-32557
249
-15967
242
-28003
229
-35959
202
-4727
148
-29628
40
-8881
80
-13217
161
402
66
1925
132
-19279
9
6765
19
-17197
39
18164
79
-14683
159
-13378
63
-15643
127
9423
255
-24113
254
-50972
252
-34711
248
-23728
240
-30378
225
-24872
194
-11169
133
-23706
11
5490
23
-7046
47
10094
94
-12009
188
-5013
120
-21308
241
-22063
227
-21655
198
-20172
141
-13496
26
7504
52
-291
104
-16087
208
-27639
160
-8441
64
-2202
128
-29482
1
14709
2
-19737
4
10469
8
-7434
17
3782
35
10267
71
-2017
142
-6608
28
936
56
2466
113
-927
226
-13266
196
-16725
137
-4589
18
-3298
37
-3111
75
-24656
151
-4864
46
-17155
92
3494
184
-13198
112
-9328
224
-16531
192
-7552
129
-14859
3
-5032
6
-9498
12
2487
25
-4836
50
11757
100
3892
201
-34867
146
-1468
36
-30918
73
-10269
147
-15281
38
-9639
77
-66
155
-23247
55
-6899
110
8127
220
-29408
185
-21789
114
-13033
228
-8524
200
-20020
144
-20825
32
-19891
65
-16453
130
-8835
5
6128
10
-8661
21
13807
43
1857
86
-111
173
-31
91
-8751
182
-19134
109
-35829
218
-25430
181
-24606
107
-9021
214
-22011
172
-27414
89
6874
178
-27209
101
-23629
203
-19622
150
-10101
44
-19968
88
-6797
176
-5320
97
-12276
195
-25510
135
-3337
15
-3513
31
3186
62
11908
125
-5616
251
-32454
246
-39304
237
-29945
219
-11669
183
-46217
111
-19952
222
-15279
189
-32654
122
-6547
245
-14144
235
-34167
215
-26790
174
-29273
93
-1929
186
-16221
116
-20193
232
-10023
209
-13372
162
-29040
68
-11109
136
-18702
16
17729
33
-11134
67
-12330
134
1138
13
-2408
27
-6949
54
20098
108
-7798
216
-39433
177
-13357
99
-15139
199
-15463
143
-11593
30
-1455
60
10385
121
-13461
243
-19684
231
-32468
206
-13582
156
-18722
57
-6039
115
-4628
230
-5029
204
-28601
152
-9771
49
-16353
98
-6664
197
-11968
139
-2856
22
-12197
45
7329
90
-22426
180
2525
105
-25068
210
-32146
164
-19202
72
4492
145
-34686
34
1558
69
-6266
138
-16921
20
8660
41
-678
82
-9980
165
8691
74
-9847
149
-24395
42
-6342
84
-3118
169
-7772
83
4249
167
-12082
78
-18968
157
-14043
59
-4342
119
3431
238
-17371
221
-34745
187
-24764
118
-24068
236
-2000
217
-25676
179
-35242
103
-26218
207
-9383
158
-18105
61
-17170
123
1348
247
-11891
239
-45364
223
-20568
191
-35799
126
-17522
253
-7856
250
-40263
244
-41509
233
-18918
211
-17831
166
-39971
76
-4355
153
-24142
51
3810
102
1307
205
-24398
154
-8880
53
-27336
106
-36
212
-17274
168
-16061
81
964
163
-20245
70
-6812
140
-8515
24
9621
48
-8402
96
-3849
193
-21889
131
5784
7
-13887
14
1386
29
5529
58
4115
117
7258
234
-25268
213
-22057
170
-18194
85
-7987
171
-9909
87
-4976
175
-1938
95
-17384
190
-8162
124
-32557
249
-15967
242
-28003
229
-35959
202
-4727
148
-29628
40
-8881
80
-13217
161
402
66
1925
132
-19279
9
6765
19
-17197
39
18164
79
-14683
159
-13378
63
-15643
127
9423
255
-24113
254
-50972
252
-34711
248
-23728
240
-30378
225
-24872
194
-11169
133
-23706
11
5490
23
-7046
47
10094
94
-12009
188
-5013
120
-21308
241
-22063
227
-21655
198
-20172
141
-13496
26
7504
52
-291
104
-16087
208
-27639
160
-8441
64
-2202
128
-29482
1
14709
2
-19737
4
10469
8
-7434
17
3782
35
10267
71
-2017
183
-46217
111
-19952
222
-15279
189
-32654
122
-6547
245
-14144
235
-34167
215
-26790
174
-29273
93
-1929
186
-16221
116
-20193
232
-10023
209
-13372
162
-29040
68
-11109
136
-18702
16
17729
33
-11134
67
-12330
134
1138
13
-2408
27
-6949
54
20098
108
-7798
216
-39433
177
-13357
99
-15139
199
-15463
143
-11593
30
-1455
60
10385
121
-13461
243
-19684
231
-32468
206
-13582
156
-18722
57
-6039
115
-4628
230
-5029
204
-28601
152
-9771
49
-16353
98
-6664
197
-11968
139
-2856
22
-12197
45
7329
90
-22426
180
2525
105
-25068
210
-32146
164
-19202
72
4492
145
-34686
34
1558
69
-6266
138
-16921
20
8660
41
-678
82
-9980
165
8691
74
-9847
149
-24395
42
-6342
84
-3118
169
-7772
83
4249
167
-12082
78
-18968
157
-14043
59
-4342
119
3431
238
-17371
221
-34745
187
-24764
118
-24068
236
-2000
217
-25676
179
-35242
103
-26218
207
-9383
158
-18105
61
-17170
123
1348
247
-11891
239
-45364
223
-20568
191
-35799
126
-17522
253
-7856
250
-40263
244
-41509
233
-18918
211
-17831
166
-39971
76
-4355
153
-24142
51
3810
102
1307
205
-24398
154
-8880
53
-27336
106
-36
212
-17274
168
-16061
81
964
163
-20245
70
-6812
140
-8515
24
9621
48
-8402
96
-3849
193
-21889
131
5784
7
-13887
14
1386
29
5529
58
4115
117
7258
234
-25268
213
-22057
170
-18194
85
-7987
171
-9909
87
-4976
175
-1938
95
-17384
190
-8162
124
-32557
249
-15967
242
-28003
229
-35959
202
-4727
148
-29628
40
-8881
80
-13217
161
402
66
1925
132
-19279
9
6765
19
-17197
39
18164
79
-14683
159
-13378
63
-15643
127
9423
255
-24113
254
-50972
252
-34711
248
-23728
240
-30378
225
-24872
194
-11169
133
-23706
11
5490
23
-7046
47
10094
94
-12009
188
-5013
120
-21308
241
-22063
227
-21655
198
-20172
141
-13496
26
7504
52
-291
104
-16087
208
-27639
160
-8441
64
-2202
128
-29482
1
14709
2
-19737
4
10469
8
-7434
17
3782
35
10267
71
-2017
142
-6608
28
936
56
2466
113
-927
226
-13266
196
-16725
137
-4589
18
-3298
37
-3111
75
-24656
151
-4864
46
-17155
92
3494
184
-13198
112
-9328
224
-16531
192
-7552
129
-14859
3
-5032
6
-9498
12
2487
25
-4836
50
11757
100
3892
201
-34867
146
-1468
36
-30918
73
-10269
147
-15281
38
-9639
77
-66
155
-23247
55
-6899
110
8127
220
-29408
185
-21789
114
-13033
228
-8524
200
-20020
144
-20825
32
-19891
65
-16453
130
-8835
5
6128
10
-8661
21
13807
43
1857
86
-111
173
-31
91
-8751
182
-19134
109
-35829
218
-25430
181
-24606
107
-9021
214
-22011
172
-27414
89
6874
178
-27209
101
-23629
203
-19622
150
-10101
44
-19968
88
-6797
176
-5320
97
-12276
195
-25510
135
-3337
15
-3513
31
3186
62
11908
125
-5616
251
-32454
246
-39304
237
-29945
219
-11669
183
-46217
111
-19952
222
-15279
189
-32654
122
-6547
245
-14144
235
-34167
215
-26790
174
-29273
93
-1929
186
-16221
116
-20193
232
-10023
209
-13372
162
-29040
68
-11109
136
-18702
16
17729
33
-11134
67
-12330
134
1138
13
-2408
27
-6949
54
20098
108
-7798
216
-39433
177
-13357
99
-15139
199
-15463
143
-11593
30
-1455
60
10385
121
-13461
243
-19684
231
-32468
206
-13582
156
-18722
57
-6039
115
-4628
230
-5029
204
-28601
152
-9771
49
-16353
98
-6664
197
-11968
139
-2856
22
-12197
45
7329
90
-22426
180
2525
105
-25068
210
-32146
164
-19202
72
4492
145
-34686
34
1558
69
-6266
138
-16921
20
8660
41
-678
82
-9980
165
8691
74
-9847
149
-24395
42
-6342
84
-3118
169
-7772
83
4249
167
-12082
78
-18968
157
-14043
59
-4342
119
3431
238
-17371
221
-34745
187
-24764
118
-24068
236
-2000
217
-25676
179
-35242
103
-26218
207
-9383
158
-18105
61
-17170
123
1348
247
-11891
239
-45364
223
-20568
191
-35799
126
-17522
253
-7856
250
-40263
244
-41509
233
-18918
211
-17831
166
-39971
76
-4355
153
-24142
51
3810
102
1307
205
-24398
154
-8880
53
-27336
106
-36
212
-17274
168
-16061
81
964
163
-20245
70
-6812
140
-8515
24
9621
48
-8402
96
-3849
193
-21889
131
5784
7
-13887
14
1386
29
5529
58
4115
117
7258
234
-25268
213
-22057
170
-18194
85
-7987
171
-9909
87
-4976
175
-1938
95
-17384
190
-8162
124
-32557
249
-15967
242
-28003
229
-35959
202
-4727
148
-29628
40
-8881
80
-13217
161
402
66
1925
132
-19279
9
6765
19
-17197
39
18164
79
-14683
159
-13378
63
-15643
127
9423
255
-24113
254
-50972
252
-34711
248
-23728
240
-30378
225
-24872
194
-11169
133
-23706
11
5490
23
-7046
47
10094
94
-12009
188
-5013
120
-21308
241
-22063
227
-21655
198
-20172
141
-13496
26
7504
52
-291
104
-16087
208
-27639
160
-8441
64
-2202
128
-29482
1
14709
2
-19737
4
10469
8
-7434
17
3782
35
10267
71
-2017
142
-6608
28
936
56
2466
113
-927
226
-13266
196
-16725
137
-4589
18
-3298
37
-3111
75
-24656
151
-4864
46
-17155
92
3494
184
-13198
112
-9328
224
-16531
192
-7552
129
-14859
3
-5032
6
-9498
12
2487
25
-4836
50
11757
100
3892
201
-34867
146
-1468
36
-30918
73
-10269
147
-15281
38
-9639
77
-66
155
-23247
55
-6899
110
8127
220
-29408
185
-21789
114
-13033
228
-8524
200
-20020
144
-20825
32
-19891
65
-16453
130
-8835
5
6128
10
-8661
21
13807
43
1857
86
-111
173
-31
91
-8751
182
-19134
109
-35829
218
-25430
181
-24606
107
-9021
214
-22011
172
-27414
89
6874
178
-27209
101
-23629
203
-19622
150
-10101
44
-19968
88
-6797
176
-5320
97
-12276
195
-25510
135
-3337
15
-3513
31
3186
62
11908
125
-5616
251
-32454
246
-39304
237
-29945
219
-11669
183
-46217
111
-19952
222
-15279
189
-32654
122
-6547
245
-14144
235
-34167
215
-26790
174
-29273
93
-1929
186
-16221
116
-20193
232
-10023
209
-13372
