19
-2110
2126
20
-2206
2249
21
-2302
2372
22
-2398
2495
23
-2494
2618
24
-2590
2741
25
-2686
2864
26
-2782
2987
27
-2878
3110
28
-2974
3233
29
-3070
3356
30
-3166
3479
31
-3262
3602
32
-3358
3725
33
-3454
3848
34
-3550
3971
35
-3646
4094
36
-3742
4217
37
-3838
4340
38
-3934
4463
39
-4030
4586
40
-4126
4709
41
-4222
4832
42
-4318
4955
43
-4414
5078
44
-4510
5201
45
-4606
5324
46
-4702
5447
47
-4798
5570
48
-4894
5693
49
-4990
5816
50
-5086
5939
51
-5182
6062
52
-5278
6185
53
-5374
6308
54
-5470
6431
55
-5566
6554
56
-5662
6677
57
-5758
6800
58
-5854
6923
59
-5950
7046
60
-6046
7169
61
-6142
7292
62
-6238
7415
63
-6334
7538
64
-6430
7661
65
-6526
7784
66
-6622
7907
67
-6718
8030
68
-6814
8153
69
-6910
8276
70
-7006
8399
71
-7102
8522
72
-7198
8645
73
-7294
8768
74
-7390
8891
75
-7486
9014
76
-7582
9137
77
-7678
9260
78
-7774
9383
79
-7870
9506
80
-7966
9629
81
-8062
9752
82
-8158
9875
83
-8254
9998
84
-8350
10121
85
-8446
10244
86
-8542
10367
87
-8638
10490
88
-8734
10613
89
-8830
10736
90
-8926
10859
91
-9022
10982
92
-9118
11105
93
-9214
11228
94
-9310
11351
95
-9406
11474
96
-9502
11597
97
-9598
11720
98
-9694
11843
99
-9790
11966
100
-9886
12089
101
-9982
12212
102
-10078
12335
103
-10174
12458
104
-10270
12581
105
-10366
12704
106
-10462
12827
107
-10558
12950
108
-10654
13073
109
-10750
13196
110
-10846
13319
111
-10942
13442
112
-11038
13565
113
-11134
13688
114
-11230
13811
115
-11326
13934
116
-11422
14057
117
-11518
14180
118
-11614
14303
119
-11710
14426
120
-11806
14549
121
-11902
14672
122
-11998
14795
123
-12094
14918
124
-12190
15041
125
-12286
15164
126
-12382
15287
127
-12478
15410
128
-12574
15533
129
-12670
15656
130
-12766
15779
131
-12862
15902
132
-12958
16025
133
-13054
16148
134
-13150
16271
135
-13246
16394
136
-13342
16517
137
-13438
16640
138
-13534
16763
139
-13630
16886
140
-13726
17009
141
-13822
17132
142
-13918
17255
143
-14014
17378
144
-14110
17501
145
-14206
17624
146
-14302
17747
147
-14398
17870
148
-14494
17993
149
-14590
18116
150
-14686
18239
151
-14782
18362
152
-14878
18485
153
-14974
18608
154
-15070
18731
155
-15166
18854
156
-15262
18977
157
-15358
19100
158
-15454
19223
159
-15550
19346
160
-15646
19469
161
-15742
19592
162
-15838
19715
163
-15934
19838
164
-16030
19961
165
-16126
20084
166
-16222
20207
167
-16318
20330
168
-16414
20453
169
-16510
20576
170
-16606
20699
171
-16702
20822
172
-16798
20945
173
-16894
21068
174
-16990
21191
175
-17086
21314
176
-17182
21437
177
-17278
21560
178
-17374
21683
179
-17470
21806
180
-17566
21929
181
-17662
22052
182
-17758
22175
183
-17854
22298
184
-17950
22421
185
-18046
22544
186
-18142
22667
187
-18238
22790
188
-18334
22913
189
-18430
23036
190
-18526
23159
191
-18622
23282
192
-18718
23405
193
-18814
23528
194
-18910
23651
195
-19006
23774
196
-19102
23897
197
-19198
24020
198
-19294
24143
199
-19390
24266
200
-19486
24389
201
-19582
24512
202
-19678
24635
203
-19774
24758
204
-19870
24881
205
-19966
25004
206
-20062
25127
207
-20158
25250
208
-20254
25373
209
-20350
25496
210
-20446
25619
211
-20542
25742
212
-20638
25865
213
-20734
25988
214
-20830
26111
215
-20926
26234
216
-21022
26357
217
-21118
26480
218
-21214
26603
219
-21310
26726
220
-21406
26849
221
-21502
26972
222
-21598
27095
223
-21694
27218
224
-21790
27341
225
-21886
27464
226
-21982
27587
227
-22078
27710
228
-22174
27833
229
-22270
27956
230
-22366
28079
231
-22462
28202
232
-22558
28325
233
-22654
28448
234
-22750
28571
235
-22846
28694
236
-22942
28817
237
-23038
28940
238
-23134
29063
239
-23230
29186
240
-23326
29309
241
-23422
29432
242
-23518
29555
243
-23614
29678
244
-23710
29801
245
-23806
29924
246
-23902
30047
247
-23998
30170
248
-24094
30293
249
-24190
30416
250
-24286
30539
251
-24382
30662
1
-3896
-1092
2
6299
-969
3
11474
-595
4
11378
-472
5
11282
-349
6
11186
-226
7
11090
-103
8
10994
20
9
13659
32271
10
-17059
517
11
-338
640
12
-434
763
13
-530
886
14
-626
1009
15
-722
1132
16
-818
1255
17
7620
1629
18
-20337
33880
19
-2110
2126
20
-2206
2249
21
-2302
2372
22
-2398
2495
23
-2494
2618
24
-2590
2741
25
-2686
2864
26
-2782
2987
27
-2878
3110
28
-2974
3233
29
-3070
3356
30
-3166
3479
31
-3262
3602
32
-3358
3725
33
-3454
3848
34
-3550
3971
35
-3646
4094
36
-3742
4217
37
-3838
4340
38
-3934
4463
39
-4030
4586
40
-4126
4709
41
-4222
4832
42
-4318
4955
43
-4414
5078
44
-4510
5201
45
-4606
5324
46
-4702
5447
47
-4798
5570
48
-4894
5693
49
-4990
5816
50
-5086
5939
51
-5182
6062
52
-5278
6185
53
-5374
6308
54
-5470
6431
55
-5566
6554
56
-5662
6677
57
-5758
6800
58
-5854
6923
59
-5950
7046
60
-6046
7169
61
-6142
7292
62
-6238
7415
63
-6334
7538
64
-6430
7661
65
-6526
7784
66
-6622
7907
67
-6718
8030
68
-6814
8153
69
-6910
8276
70
-7006
8399
71
-7102
8522
72
-7198
8645
73
-7294
8768
74
-7390
8891
75
-7486
9014
76
-7582
9137
77
-7678
9260
78
-7774
9383
79
-7870
9506
80
-7966
9629
81
-8062
9752
82
-8158
9875
83
-8254
9998
84
-8350
10121
85
-8446
10244
86
-8542
10367
87
-8638
10490
88
-8734
10613
89
-8830
10736
90
-8926
10859
91
-9022
10982
92
-9118
11105
93
-9214
11228
94
-9310
11351
95
-9406
11474
96
-9502
11597
97
-9598
11720
98
-9694
11843
99
-9790
11966
100
-9886
12089
101
-9982
12212
102
-10078
12335
103
-10174
12458
104
-10270
12581
105
-10366
12704
106
-10462
12827
107
-10558
12950
108
-10654
13073
109
-10750
13196
110
-10846
13319
111
-10942
13442
112
-11038
13565
113
-11134
13688
114
-11230
13811
115
-11326
13934
116
-11422
14057
117
-11518
14180
118
-11614
14303
119
-11710
14426
120
-11806
14549
121
-11902
14672
122
-11998
14795
123
-12094
14918
124
-12190
15041
125
-12286
15164
126
-12382
15287
127
-12478
15410
128
-12574
15533
129
-12670
15656
130
-12766
15779
131
-12862
15902
132
-12958
16025
133
-13054
16148
134
-13150
16271
135
-13246
16394
136
-13342
16517
137
-13438
16640
138
-13534
16763
139
-13630
16886
140
-13726
17009
141
-13822
17132
142
-13918
17255
143
-14014
17378
144
-14110
17501
145
-14206
17624
146
-14302
17747
147
-14398
17870
148
-14494
17993
149
-14590
18116
150
-14686
18239
151
-14782
18362
152
-14878
18485
153
-14974
18608
154
-15070
18731
155
-15166
18854
156
-15262
18977
157
-15358
19100
158
-15454
19223
159
-15550
19346
160
-15646
19469
161
-15742
19592
162
-15838
19715
163
-15934
19838
164
-16030
19961
165
-16126
20084
166
-16222
20207
167
-16318
20330
168
-16414
20453
169
-16510
20576
170
-16606
20699
171
-16702
20822
172
-16798
20945
173
-16894
21068
174
-16990
21191
175
-17086
21314
176
-17182
21437
177
-17278
21560
178
-17374
21683
179
-17470
21806
180
-17566
21929
181
-17662
22052
182
-17758
22175
183
-17854
22298
184
-17950
22421
185
-18046
22544
186
-18142
22667
187
-18238
22790
188
-18334
22913
189
-18430
23036
190
-18526
23159
191
-18622
23282
192
-18718
23405
193
-18814
23528
194
-18910
23651
195
-19006
23774
196
-19102
23897
197
-19198
24020
198
-19294
24143
199
-19390
24266
200
-19486
24389
201
-19582
24512
202
-19678
24635
203
-19774
24758
204
-19870
24881
205
-19966
25004
206
-20062
25127
207
-20158
25250
208
-20254
25373
209
-20350
25496
210
-20446
25619
211
-20542
25742
212
-20638
25865
213
-20734
25988
214
-20830
26111
215
-20926
26234
216
-21022
26357
217
-21118
26480
218
-21214
26603
219
-21310
26726
220
-21406
26849
221
-21502
26972
222
-21598
27095
223
-21694
27218
224
-21790
27341
225
-21886
27464
226
-21982
27587
227
-22078
27710
228
-22174
27833
229
-22270
27956
230
-22366
28079
231
-22462
28202
232
-22558
28325
233
-22654
28448
234
-22750
28571
235
-22846
28694
236
-22942
28817
237
-23038
28940
238
-23134
29063
239
-23230
29186
240
-23326
29309
241
-23422
29432
242
-23518
29555
243
-23614
29678
244
-23710
29801
245
-23806
29924
246
-23902
30047
247
-23998
30170
248
-24094
30293
249
-24190
30416
250
-24286
30539
251
-24382
30662
1
-3896
-1092
2
6299
-969
3
11474
-595
4
11378
-472
5
11282
-349
6
11186
-226
7
11090
-103
8
10994
20
9
13659
32271
10
-17059
517
11
-338
640
12
-434
763
13
-530
886
14
-626
1009
15
-722
1132
16
-818
1255
17
7620
1629
18
-20337
33880
19
-2110
2126
20
-2206
2249
21
-2302
2372
22
-2398
2495
23
-2494
2618
24
-2590
2741
25
-2686
2864
26
-2782
2987
27
-2878
3110
28
-2974
3233
29
-3070
3356
30
-3166
3479
31
-3262
3602
32
-3358
3725
33
-3454
3848
34
-3550
3971
35
-3646
4094
36
-3742
4217
37
-3838
4340
38
-3934
4463
39
-4030
4586
40
-4126
4709
41
-4222
4832
42
-4318
4955
43
-4414
5078
44
-4510
5201
45
-4606
5324
46
-4702
5447
47
-4798
5570
48
-4894
5693
49
-4990
5816
50
-5086
5939
51
-5182
6062
52
-5278
6185
53
-5374
6308
54
-5470
6431
55
-5566
6554
56
-5662
6677
57
-5758
6800
58
-5854
6923
59
-5950
7046
60
-6046
7169
61
-6142
7292
62
-6238
7415
63
-6334
7538
64
-6430
7661
65
-6526
7784
66
-6622
7907
67
-6718
8030
68
-6814
8153
69
-6910
8276
70
-7006
8399
71
-7102
8522
72
-7198
8645
73
-7294
8768
74
-7390
8891
75
-7486
9014
76
-7582
9137
77
-7678
9260
78
-7774
9383
79
-7870
9506
80
-7966
9629
81
-8062
9752
82
-8158
9875
83
-8254
9998
84
-8350
10121
85
-8446
10244
86
-8542
10367
87
-8638
10490
88
-8734
10613
89
-8830
10736
90
-8926
10859
91
-9022
10982
92
-9118
11105
93
-9214
11228
94
-9310
11351
95
-9406
11474
96
-9502
11597
97
-9598
11720
98
-9694
11843
99
-9790
11966
100
-9886
12089
101
-9982
12212
102
-10078
12335
103
-10174
12458
104
-10270
12581
105
-10366
12704
106
-10462
12827
107
-10558
12950
108
-10654
13073
109
-10750
13196
110
-10846
13319
111
-10942
13442
112
-11038
13565
113
-11134
13688
114
-11230
13811
115
-11326
13934
116
-11422
14057
117
-11518
14180
118
-11614
14303
119
-11710
14426
120
-11806
14549
121
-11902
14672
122
-11998
14795
123
-12094
14918
124
-12190
15041
125
-12286
15164
126
-12382
15287
127
-12478
15410
128
-12574
15533
129
-12670
15656
130
-12766
15779
131
-12862
15902
132
-12958
16025
133
-13054
16148
134
-13150
16271
135
-13246
16394
136
-13342
16517
137
-13438
16640
138
-13534
16763
139
-13630
16886
140
-13726
17009
141
-13822
17132
142
-13918
17255
143
-14014
17378
144
-14110
17501
145
-14206
17624
146
-14302
17747
147
-14398
17870
148
-14494
17993
149
-14590
18116
150
-14686
18239
151
-14782
18362
152
-14878
18485
153
-14974
18608
154
-15070
18731
155
-15166
18854
156
-15262
18977
157
-15358
19100
158
-15454
19223
159
-15550
19346
160
-15646
19469
161
-15742
19592
162
-15838
19715
163
-15934
19838
164
-16030
19961
165
-16126
20084
166
-16222
20207
167
-16318
20330
168
-16414
20453
169
-16510
20576
170
-16606
20699
171
-16702
20822
172
-16798
20945
173
-16894
21068
174
-16990
21191
175
-17086
21314
176
-17182
21437
177
-17278
21560
178
-17374
21683
179
-17470
21806
180
-17566
21929
181
-17662
22052
182
-17758
22175
183
-17854
22298
184
-17950
22421
185
-18046
22544
186
-18142
22667
187
-18238
22790
188
-18334
22913
189
-18430
23036
190
-18526
23159
191
-18622
23282
192
-18718
23405
193
-18814
23528
194
-18910
23651
195
-19006
23774
196
-19102
23897
197
-19198
24020
198
-19294
24143
199
-19390
24266
200
-19486
24389
201
-19582
24512
202
-19678
24635
203
-19774
24758
204
-19870
24881
205
-19966
25004
206
-20062
25127
207
-20158
25250
208
-20254
25373
209
-20350
25496
210
-20446
25619
211
-20542
25742
212
-20638
25865
213
-20734
25988
214
-20830
26111
215
-20926
26234
216
-21022
26357
217
-21118
26480
218
-21214
26603
219
-21310
26726
220
-21406
26849
221
-21502
26972
222
-21598
27095
223
-21694
27218
224
-21790
27341
225
-21886
27464
226
-21982
27587
227
-22078
27710
228
-22174
27833
229
-22270
27956
230
-22366
28079
231
-22462
28202
232
-22558
28325
233
-22654
28448
234
-22750
28571
235
-22846
28694
236
-22942
28817
237
-23038
28940
238
-23134
29063
239
-23230
29186
240
-23326
29309
241
-23422
29432
242
-23518
29555
243
-23614
29678
244
-23710
29801
245
-23806
29924
246
-23902
30047
247
-23998
30170
248
-24094
30293
249
-24190
30416
250
-24286
30539
251
-24382
30662
1
-3896
-1092
2
6299
-969
3
11474
-595
4
11378
-472
5
11282
-349
6
11186
-226
7
11090
-103
8
10994
20
9
13659
32271
10
-17059
517
11
-338
640
12
-434
763
13
-530
886
14
-626
1009
15
-722
1132
16
-818
1255
17
7620
1629
18
-20337
33880
19
-2110
2126
20
-2206
2249
21
-2302
2372
22
-2398
2495
23
-2494
2618
24
-2590
2741
25
-2686
2864
26
-2782
2987
27
-2878
3110
28
-2974
3233
29
-3070
3356
30
-3166
3479
31
-3262
3602
32
-3358
3725
33
-3454
3848
34
-3550
3971
35
-3646
4094
36
-3742
4217
37
-3838
4340
38
-3934
4463
39
-4030
4586
40
-4126
4709
41
-4222
4832
42
-4318
4955
43
-4414
5078
44
-4510
5201
45
-4606
5324
46
-4702
5447
47
-4798
5570
48
-4894
5693
49
-4990
5816
50
-5086
5939
51
-5182
6062
52
-5278
6185
53
-5374
6308
54
-5470
6431
55
-5566
6554
56
-5662
6677
57
-5758
6800
58
-5854
6923
59
-5950
7046
60
-6046
7169
61
-6142
7292
62
-6238
7415
63
-6334
7538
64
-6430
7661
65
-6526
7784
66
-6622
7907
67
-6718
8030
68
-6814
8153
69
-6910
8276
70
-7006
8399
71
-7102
8522
72
-7198
8645
73
-7294
8768
74
-7390
8891
75
-7486
9014
76
-7582
9137
77
-7678
9260
78
-7774
9383
79
-7870
9506
80
-7966
9629
81
-8062
9752
82
-8158
9875
83
-8254
9998
84
-8350
10121
85
-8446
10244
86
-8542
10367
87
-8638
10490
88
-8734
10613
89
-8830
10736
90
-8926
10859
91
-9022
10982
92
-9118
11105
93
-9214
11228
94
-9310
11351
95
-9406
11474
96
-9502
11597
97
-9598
11720
98
-9694
11843
99
-9790
11966
100
-9886
12089
101
-9982
12212
102
-10078
12335
103
-10174
12458
104
-10270
12581
105
-10366
12704
106
-10462
12827
107
-10558
12950
108
-10654
13073
109
-10750
13196
110
-10846
13319
111
-10942
13442
112
-11038
13565
113
-11134
13688
114
-11230
13811
115
-11326
13934
116
-11422
14057
117
-11518
14180
118
-11614
14303
119
-11710
14426
120
-11806
14549
121
-11902
14672
122
-11998
14795
123
-12094
14918
124
-12190
15041
125
-12286
15164
126
-12382
15287
127
-12478
15410
128
-12574
15533
129
-12670
15656
130
-12766
15779
131
-12862
15902
132
-12958
16025
133
-13054
16148
134
-13150
16271
135
-13246
16394
136
-13342
16517
137
-13438
16640
138
-13534
16763
139
-13630
16886
140
-13726
17009
141
-13822
17132
142
-13918
17255
143
-14014
17378
144
-14110
17501
145
-14206
17624
146
-14302
17747
147
-14398
17870
148
-14494
17993
149
-14590
18116
150
-14686
18239
151
-14782
18362
152
-14878
18485
153
-14974
18608
154
-15070
18731
155
-15166
18854
156
-15262
18977
157
-15358
19100
158
-15454
19223
159
-15550
19346
160
-15646
19469
161
-15742
19592
162
-15838
19715
163
-15934
19838
164
-16030
19961
165
-16126
20084
166
-16222
20207
167
-16318
20330
168
-16414
20453
169
-16510
20576
170
-16606
20699
171
-16702
20822
172
-16798
20945
173
-16894
21068
174
-16990
21191
175
-17086
21314
176
-17182
21437
177
-17278
21560
178
-17374
21683
179
-17470
21806
180
-17566
21929
181
-17662
22052
182
-17758
22175
183
-17854
22298
184
-17950
22421
185
-18046
22544
186
-18142
22667
187
-18238
22790
188
-18334
22913
189
-18430
23036
190
-18526
23159
191
-18622
23282
192
-18718
23405
193
-18814
23528
194
-18910
23651
195
-19006
23774
196
-19102
23897
197
-19198
24020
198
-19294
24143
199
-19390
24266
200
-19486
24389
201
-19582
24512
202
-19678
24635
203
-19774
24758
204
-19870
24881
205
-19966
25004
206
-20062
25127
207
-20158
25250
208
-20254
25373
209
-20350
25496
210
-20446
25619
211
-20542
25742
212
-20638
25865
213
-20734
25988
214
-20830
26111
215
-20926
26234
216
-21022
26357
217
-21118
26480
218
-21214
26603
219
-21310
26726
220
-21406
26849
221
-21502
26972
222
-21598
27095
223
-21694
27218
224
-21790
27341
225
-21886
27464
226
-21982
27587
227
-22078
27710
228
-22174
27833
229
-22270
27956
230
-22366
28079
231
-22462
28202
232
-22558
28325
233
-22654
28448
234
-22750
28571
235
-22846
28694
236
-22942
28817
237
-23038
28940
238
-23134
29063
239
-23230
29186
240
-23326
29309
241
-23422
29432
242
-23518
29555
243
-23614
29678
244
-23710
29801
245
-23806
29924
246
-23902
30047
247
-23998
30170
248
-24094
30293
249
-24190
30416
250
-24286
30539
251
-24382
30662
1
-3896
-1092
2
6299
-969
3
11474
-595
4
11378
-472
5
11282
-349
6
11186
-226
7
11090
-103
8
10994
20
9
13659
32271
10
-17059
517
11
-338
640
12
-434
763
13
-530
886
14
-626
1009
15
-722
1132
16
-818
1255
17
7620
1629
18
-20337
33880
19
-2110
2126
20
-2206
2249
21
-2302
2372
22
-2398
2495
23
-2494
2618
24
-2590
2741
25
-2686
2864
26
-2782
2987
27
-2878
3110
28
-2974
3233
29
-3070
3356
30
-3166
3479
31
-3262
3602
32
-3358
3725
33
-3454
3848
34
-3550
3971
35
-3646
4094
36
-3742
4217
37
-3838
4340
38
-3934
4463
39
-4030
4586
40
-4126
4709
41
-4222
4832
42
-4318
4955
43
-4414
5078
44
-4510
5201
45
-4606
5324
46
-4702
5447
47
-4798
5570
48
-4894
5693
49
-4990
5816
50
-5086
5939
51
-5182
6062
52
-5278
6185
53
-5374
6308
54
-5470
6431
55
-5566
6554
56
-5662
6677
57
-5758
6800
58
-5854
6923
59
-5950
7046
60
-6046
7169
61
-6142
7292
62
-6238
7415
63
-6334
7538
64
-6430
7661
65
-6526
7784
66
-6622
7907
67
-6718
8030
68
-6814
8153
69
-6910
8276
70
-7006
8399
71
-7102
8522
72
-7198
8645
73
-7294
8768
74
-7390
8891
75
-7486
9014
76
-7582
9137
77
-7678
9260
78
-7774
9383
79
-7870
9506
80
-7966
9629
81
-8062
9752
82
-8158
9875
83
-8254
9998
84
-8350
10121
85
-8446
10244
86
-8542
10367
99
-7781
-4141
199
-28195
24995
143
-70
18243
30
-19436
4356
60
-6911
9733
121
-18323
20105
243
-9377
8081
231
-23551
49183
206
-25216
33467
156
-27587
2163
57
10217
5346
115
-20517
44097
230
-31141
23424
204
-24243
14334
152
-16887
-3845
49
14538
-6797
98
-3089
19940
197
-21960
40772
139
-6930
17029
22
-16077
2055
45
-8979
5002
90
8780
10515
180
-10800
21156
105
-3257
10309
210
-29691
21256
164
-17058
10766
72
-759
22298
145
-23740
45489
34
-16585
-6431
69
3128
-12226
138
-8188
8828
20
6342
18294
41
-17629
4458
82
8559
9554
165
-2620
19617
74
-18054
7105
149
-15460
47613
42
-17104
-2310
84
-6532
-4367
169
3649
24672
83
-31381
16959
167
-7817
2042
78
-9118
4723
157
-14667
42722
59
-6896
-11709
119
-11873
42497
238
-30932
20097
221
-15203
8063
187
-24564
49275
118
-24715
1140
236
-13663
35556
217
-23535
6471
179
-24149
46218
103
-15263
-4591
207
-26080
24222
158
-4462
16314
61
2937
624
123
-17998
34780
247
-17481
5173
239
-22680
43494
223
-14852
22472
191
-32616
45835
126
-23740
-5613
253
-3091
22433
250
-27984
45633
244
-39456
26751
233
-34735
21755
211
-2511
11891
166
-16227
24675
76
-7851
17858
153
-20845
36736
51
-2173
-23554
102
6359
18936
205
-20143
38637
154
-11918
12376
53
5104
-7125
106
-4878
19411
212
-16752
39843
168
-27589
15045
81
-13528
30854
163
-14981
-2678
70
-6367
-4590
140
-379
24225
24
-3831
16705
48
-12110
1536
96
-2856
3967
193
-12740
41084
131
-5569
17526
7
-22141
2920
14
10132
6604
29
3053
-18794
58
6214
28330
117
-28524
24402
234
-21322
16419
213
-13062
580
170
-11496
34438
85
-24254
37128
171
-19354
9997
87
-23899
20631
175
-9932
9259
95
-22134
19028
190
-15024
5670
124
-997
11722
249
-11093
24081
242
-26909
49056
229
-46092
33468
202
-16768
35061
148
-27770
5224
40
1229
11085
80
-12736
-10087
161
8320
13359
66
-13253
-5538
132
2928
22456
9
-6003
13038
19
14621
-5672
39
-5269
22060
79
5450
12244
159
-31702
24869
63
1904
-14905
127
-11352
35978
255
-21268
7442
254
-21468
48161
252
-43503
31680
248
-34043
31742
240
-32202
31739
225
-37306
31604
194
-16275
31206
133
-18162
-2103
11
-10876
-3441
23
24205
-5862
47
-3180
21553
94
1006
10847
188
-9269
21947
120
-8817
11508
241
-9654
23780
227
-32817
48325
198
-26669
31878
141
-21871
-632
26
-9508
-370
52
-4134
154
104
-3983
1076
208
-6208
35431
160
-23580
6094
64
3276
13081
128
-6884
27184
1
-8548
22621
2
909
13111
4
-6936
-6036
8
3207
-11945
17
15036
-23507
35
4315
18648
71
7539
5293
142
-18738
11096
28
2321
22957
56
-16885
13913
113
-21192
28592
226
-23737
24672
196
-26514
16703
137
-12807
1276
18
-8459
3319
37
-10822
7403
75
13716
15700
151
-32249
31654
46
-7812
-1718
92
-5027
-3310
184
-1963
26403
112
-11284
20293
224
-23210
40967
192
-34172
17037
129
-11044
2071
3
-13719
4780
6
9897
10197
12
-6039
-11991
25
13623
-23472
50
10275
18847
100
-11616
5565
201
-13181
44407
146
-15073
23789
36
-9828
15318
73
-9149
-1111
147
-24449
31056
38
-9291
-3041
77
637
-5573
155
-21956
22005
55
4317
-20760
110
2260
24397
220
-19555
49688
185
-41981
34606
114
-16637
4314
228
-14586
41777
200
-34003
18530
144
-19328
4674
32
1034
9858
65
-4504
-12158
130
-6373
9091
5
1186
18691
10
3298
5124
21
6464
-21627
43
4250
22535
86
-1213
12684
173
-5085
26004
91
-31770
19750
182
-17217
7241
109
3239
15247
218
-33778
31005
181
-34018
30135
107
-9168
-4372
214
-22183
24662
172
-19121
17451
89
-13671
35539
178
-23889
6309
101
6974
13510
203
-35094
27402
150
-5411
22801
44
-7583
13215
88
-13281
-5700
176
-1392
21750
97
-1520
11370
195
-35003
23249
135
3393
14878
15
-21296
-2503
31
20444
-3859
62
-1916
25688
125
-27705
19245
251
-11062
6488
246
-18135
46126
237
-45623
27481
219
-7208
23470
183
-34407
47704
111
-18700
-1492
222
-24168
30549
189
-31877
29096
122
-13508
-6833
245
294
19866
235
-30000
40370
215
-12413
16351
174
-18952
33722
93
-22087
35823
186
-23642
7004
116
-1154
14517
232
-20029
29288
209
-19188
-5938
162
-6669
21529
68
-5814
11439
136
-7985
24027
16
-1964
16436
33
-17162
869
67
18115
2759
134
-14665
5901
13
1681
12438
27
12910
-6999
54
95
19535
108
-14897
7068
216
-10957
47542
177
-41864
30187
99
-7781
-4141
199
-28195
24995
143
-70
18243
30
-19436
4356
60
-6911
9733
121
-18323
20105
243
-9377
8081
231
-23551
49183
206
-25216
33467
156
-27587
2163
57
10217
5346
115
-20517
44097
230
-31141
23424
204
-24243
14334
152
-16887
-3845
49
14538
-6797
98
-3089
19940
197
-21960
40772
139
-6930
17029
22
-16077
2055
45
-8979
5002
90
8780
10515
180
-10800
21156
105
-3257
10309
210
-29691
21256
164
-17058
10766
72
-759
22298
145
-23740
45489
34
-16585
-6431
69
3128
-12226
138
-8188
8828
20
6342
18294
41
-17629
4458
82
8559
9554
165
-2620
19617
74
-18054
7105
149
-15460
47613
42
-17104
-2310
84
-6532
-4367
169
3649
24672
83
-31381
16959
167
-7817
2042
78
-9118
4723
157
-14667
42722
59
-6896
-11709
119
-11873
42497
238
-30932
20097
221
-15203
8063
187
-24564
49275
118
-24715
1140
236
-13663
35556
217
-23535
6471
179
-24149
46218
103
-15263
-4591
207
-26080
24222
158
-4462
16314
61
2937
624
123
-17998
34780
247
-17481
5173
239
-22680
43494
223
-14852
22472
191
-32616
45835
126
-23740
-5613
253
-3091
22433
250
-27984
45633
244
-39456
26751
233
-34735
21755
211
-2511
11891
166
-16227
24675
76
-7851
17858
153
-20845
36736
51
-2173
-23554
102
6359
18936
205
-20143
38637
154
-11918
12376
53
5104
-7125
106
-4878
19411
212
-16752
39843
168
-27589
15045
81
-13528
30854
163
-14981
-2678
70
-6367
-4590
140
-379
24225
24
-3831
16705
48
-12110
1536
96
-2856
3967
193
-12740
41084
131
-5569
17526
7
-22141
2920
14
10132
6604
29
3053
-18794
58
6214
28330
117
-28524
24402
234
-21322
16419
213
-13062
580
170
-11496
34438
85
-24254
37128
171
-19354
9997
87
-23899
20631
175
-9932
9259
95
-22134
19028
190
-15024
5670
124
-997
11722
249
-11093
24081
242
-26909
49056
229
-46092
33468
202
-16768
35061
148
-27770
5224
40
1229
11085
80
-12736
-10087
161
8320
13359
66
-13253
-5538
132
2928
22456
9
-6003
13038
19
14621
-5672
39
-5269
22060
79
5450
12244
159
-31702
24869
63
1904
-14905
127
-11352
35978
255
-21268
7442
254
-21468
48161
252
-43503
31680
248
-34043
31742
240
-32202
31739
225
-37306
31604
194
-16275
31206
133
-18162
-2103
11
-10876
-3441
23
24205
-5862
47
-3180
21553
94
1006
10847
188
-9269
21947
120
-8817
11508
241
-9654
23780
227
-32817
48325
198
-26669
31878
141
-21871
-632
26
-9508
-370
52
-4134
154
104
-3983
1076
208
-6208
35431
160
-23580
6094
64
3276
13081
128
-6884
27184
1
-8548
22621
2
909
13111
4
-6936
-6036
8
3207
-11945
17
15036
-23507
35
4315
18648
71
7539
5293
142
-18738
11096
28
2321
22957
56
-16885
13913
113
-21192
28592
226
-23737
24672
196
-26514
16703
137
-12807
1276
18
-8459
3319
37
-10822
7403
75
13716
15700
151
-32249
31654
46
-7812
-1718
92
-5027
-3310
184
-1963
26403
112
-11284
20293
224
-23210
40967
192
-34172
17037
129
-11044
2071
3
-13719
4780
6
9897
10197
12
-6039
-11991
25
13623
-23472
50
10275
18847
100
-11616
5565
201
-13181
44407
146
-15073
23789
36
-9828
15318
73
-9149
-1111
147
-24449
31056
38
-9291
-3041
77
637
-5573
155
-21956
22005
55
4317
-20760
110
2260
24397
220
-19555
49688
185
-41981
34606
114
-16637
4314
228
-14586
41777
200
-34003
18530
144
-19328
4674
32
1034
9858
65
-4504
-12158
130
-6373
9091
5
1186
18691
10
3298
5124
21
6464
-21627
43
4250
22535
86
-1213
12684
173
-5085
26004
91
-31770
19750
182
-17217
7241
109
3239
15247
218
-33778
31005
181
-34018
30135
107
-9168
-4372
214
-22183
24662
172
-19121
17451
89
-13671
35539
178
-23889
6309
101
6974
13510
203
-35094
27402
150
-5411
22801
44
-7583
13215
88
-13281
-5700
176
-1392
21750
97
-1520
11370
195
-35003
23249
135
3393
14878
15
-21296
-2503
31
20444
-3859
62
-1916
25688
125
-27705
19245
251
-11062
6488
246
-18135
46126
237
-45623
27481
219
-7208
23470
183
-34407
47704
111
-18700
-1492
222
-24168
30549
189
-31877
29096
122
-13508
-6833
245
294
19866
235
-30000
40370
215
-12413
16351
174
-18952
33722
93
-22087
35823
186
-23642
7004
116
-1154
14517
232
-20029
29288
209
-19188
-5938
162
-6669
21529
68
-5814
11439
136
-7985
24027
16
-1964
16436
33
-17162
869
67
18115
2759
134
-14665
5901
13
1681
12438
27
12910
-6999
54
95
19535
108
-14897
7068
216
-10957
47542
177
-41864
30187
99
-7781
-4141
199
-28195
24995
143
-70
18243
30
-19436
4356
60
-6911
9733
121
-18323
20105
243
-9377
8081
231
-23551
49183
206
-25216
33467
156
-27587
2163
57
10217
5346
115
-20517
44097
230
-31141
23424
204
-24243
14334
152
-16887
-3845
49
14538
-6797
98
-3089
19940
197
-21960
40772
139
-6930
17029
22
-16077
2055
45
-8979
5002
90
8780
10515
180
-10800
21156
105
-3257
10309
210
-29691
21256
164
-17058
10766
72
-759
22298
145
-23740
45489
34
-16585
-6431
69
3128
-12226
138
-8188
8828
20
6342
18294
41
-17629
4458
82
8559
9554
165
-2620
19617
74
-18054
7105
149
-15460
47613
42
-17104
-2310
84
-6532
-4367
169
3649
24672
83
-31381
16959
167
-7817
2042
78
-9118
4723
157
-14667
42722
59
-6896
-11709
119
-11873
42497
238
-30932
20097
221
-15203
8063
187
-24564
49275
118
-24715
1140
236
-13663
35556
217
-23535
6471
179
-24149
46218
103
-15263
-4591
207
-26080
24222
158
-4462
16314
61
2937
624
123
-17998
34780
247
-17481
5173
239
-22680
43494
223
-14852
22472
191
-32616
45835
29
3053
-18794
58
6214
28330
117
-28524
24402
234
-21322
16419
213
-13062
580
170
-11496
34438
85
-24254
37128
171
-19354
9997
87
-23899
20631
175
-9932
9259
95
-22134
19028
190
-15024
5670
124
-997
11722
249
-11093
24081
242
-26909
49056
229
-46092
33468
202
-16768
35061
148
-27770
5224
40
1229
11085
80
-12736
-10087
161
8320
13359
66
-13253
-5538
132
2928
22456
9
-6003
13038
19
14621
-5672
39
-5269
22060
79
5450
12244
159
-31702
24869
63
1904
-14905
127
-11352
35978
255
-21268
7442
254
-21468
48161
252
-43503
31680
248
-34043
31742
240
-32202
31739
225
-37306
31604
194
-16275
31206
133
-18162
-2103
11
-10876
-3441
23
24205
-5862
47
-3180
21553
94
1006
10847
188
-9269
21947
120
-8817
11508
241
-9654
23780
227
-32817
48325
198
-26669
31878
141
-21871
-632
26
-9508
-370
52
-4134
154
104
-3983
1076
208
-6208
35431
160
-23580
6094
64
3276
13081
128
-6884
27184
1
-8548
22621
2
909
13111
4
-6936
-6036
8
3207
-11945
17
15036
-23507
35
4315
18648
71
7539
5293
142
-18738
11096
28
2321
22957
56
-16885
13913
113
-21192
28592
226
-23737
24672
196
-26514
16703
137
-12807
1276
18
-8459
3319
37
-10822
7403
75
13716
15700
151
-32249
31654
46
-7812
-1718
92
-5027
-3310
184
-1963
26403
112
-11284
20293
224
-23210
40967
192
-34172
17037
129
-11044
2071
3
-13719
4780
6
9897
10197
12
-6039
-11991
25
13623
-23472
50
10275
18847
100
-11616
5565
201
-13181
44407
146
-15073
23789
36
-9828
15318
73
-9149
-1111
147
-24449
31056
38
-9291
-3041
77
637
-5573
155
-21956
22005
55
4317
-20760
110
2260
24397
220
-19555
49688
185
-41981
34606
114
-16637
4314
228
-14586
41777
200
-34003
18530
144
-19328
4674
32
1034
9858
65
-4504
-12158
130
-6373
9091
5
1186
18691
10
3298
5124
21
6464
-21627
43
4250
22535
86
-1213
12684
173
-5085
26004
91
-31770
19750
182
-17217
7241
109
3239
15247
218
-33778
31005
181
-34018
30135
107
-9168
-4372
214
-22183
24662
172
-19121
17451
89
-13671
35539
178
-23889
6309
101
6974
13510
203
-35094
27402
150
-5411
22801
44
-7583
13215
88
-13281
-5700
176
-1392
21750
97
-1520
11370
195
-35003
23249
135
3393
14878
15
-21296
-2503
31
20444
-3859
62
-1916
25688
125
-27705
19245
251
-11062
6488
246
-18135
46126
237
-45623
27481
219
-7208
23470
183
-34407
47704
111
-18700
-1492
222
-24168
30549
189
-31877
29096
122
-13508
-6833
245
294
19866
235
-30000
40370
215
-12413
16351
174
-18952
33722
93
-22087
35823
186
-23642
7004
116
-1154
14517
232
-20029
29288
209
-19188
-5938
162
-6669
21529
68
-5814
11439
136
-7985
24027
16
-1964
16436
33
-17162
869
67
18115
2759
134
-14665
5901
13
1681
12438
27
12910
-6999
54
95
19535
108
-14897
7068
216
-10957
47542
177
-41864
30187
99
-7781
-4141
199
-28195
24995
143
-70
18243
30
-19436
4356
60
-6911
9733
121
-18323
20105
243
-9377
8081
231
-23551
49183
206
-25216
33467
156
-27587
2163
57
10217
5346
115
-20517
44097
230
-31141
23424
204
-24243
14334
152
-16887
-3845
49
14538
-6797
98
-3089
19940
197
-21960
40772
139
-6930
17029
22
-16077
2055
45
-8979
5002
90
8780
10515
180
-10800
21156
105
-3257
10309
210
-29691
21256
164
-17058
10766
72
-759
22298
145
-23740
45489
34
-16585
-6431
69
3128
-12226
138
-8188
8828
20
6342
18294
41
-17629
4458
82
8559
9554
165
-2620
19617
74
-18054
7105
149
-15460
47613
42
-17104
-2310
84
-6532
-4367
169
3649
24672
83
-31381
16959
167
-7817
2042
78
-9118
4723
157
-14667
42722
59
-6896
-11709
119
-11873
42497
238
-30932
20097
221
-15203
8063
187
-24564
49275
118
-24715
1140
236
-13663
35556
217
-23535
6471
179
-24149
46218
103
-15263
-4591
207
-26080
24222
158
-4462
16314
61
2937
624
123
-17998
34780
247
-17481
5173
239
-22680
43494
223
-14852
22472
191
-32616
45835
126
-23740
-5613
253
-3091
22433
250
-27984
45633
244
-39456
26751
233
-34735
21755
211
-2511
11891
166
-16227
24675
76
-7851
17858
153
-20845
36736
51
-2173
-23554
102
6359
18936
205
-20143
38637
154
-11918
12376
53
5104
-7125
106
-4878
19411
212
-16752
39843
168
-27589
15045
81
-13528
30854
163
-14981
-2678
70
-6367
-4590
140
-379
24225
24
-3831
16705
48
-12110
1536
96
-2856
3967
193
-12740
41084
131
-5569
17526
7
-22141
2920
14
10132
6604
29
3053
-18794
58
6214
28330
117
-28524
24402
234
-21322
16419
213
-13062
580
170
-11496
34438
85
-24254
37128
171
-19354
9997
87
-23899
20631
175
-9932
9259
95
-22134
19028
190
-15024
5670
124
-997
11722
249
-11093
24081
242
-26909
49056
229
-46092
33468
202
-16768
35061
148
-27770
5224
40
1229
11085
80
-12736
-10087
161
8320
13359
66
-13253
-5538
132
2928
22456
9
-6003
13038
19
14621
-5672
39
-5269
22060
79
5450
12244
159
-31702
24869
63
1904
-14905
127
-11352
35978
255
-21268
7442
254
-21468
48161
252
-43503
31680
248
-34043
31742
240
-32202
31739
225
-37306
31604
194
-16275
31206
133
-18162
-2103
11
-10876
-3441
23
24205
-5862
47
-3180
21553
94
1006
10847
188
-9269
21947
120
-8817
11508
241
-9654
23780
227
-32817
48325
198
-26669
31878
141
-21871
-632
26
-9508
-370
52
-4134
154
104
-3983
1076
208
-6208
35431
160
-23580
6094
64
3276
13081
128
-6884
27184
1
-8548
22621
2
909
13111
4
-6936
-6036
8
3207
-11945
17
15036
-23507
35
4315
18648
71
7539
5293
142
-18738
11096
28
2321
22957
56
-16885
13913
113
-21192
28592
226
-23737
24672
196
-26514
16703
137
-12807
1276
18
-8459
3319
37
-10822
7403
75
13716
15700
151
-32249
31654
46
-7812
-1718
92
-5027
-3310
184
-1963
26403
112
-11284
20293
224
-23210
40967
192
-34172
17037
129
-11044
2071
3
-13719
4780
6
9897
10197
12
-6039
-11991
25
13623
-23472
50
10275
18847
100
-11616
5565
201
-13181
44407
146
-15073
23789
36
-9828
15318
73
-9149
-1111
147
-24449
31056
38
-9291
-3041
77
637
-5573
155
-21956
22005
55
4317
-20760
110
2260
24397
220
-19555
49688
185
-41981
34606
114
-16637
4314
228
-14586
41777
200
-34003
18530
144
-19328
4674
32
1034
9858
65
-4504
-12158
130
-6373
9091
5
1186
18691
10
3298
5124
21
6464
-21627
43
4250
22535
86
-1213
12684
173
-5085
26004
91
-31770
19750
182
-17217
7241
109
3239
15247
218
-33778
31005
181
-34018
30135
107
-9168
-4372
214
-22183
24662
172
-19121
17451
89
-13671
35539
178
-23889
6309
101
6974
13510
203
-35094
27402
150
-5411
22801
44
-7583
13215
88
-13281
-5700
176
-1392
21750
97
-1520
11370
195
-35003
23249
135
3393
14878
15
-21296
-2503
31
20444
-3859
62
-1916
25688
125
-27705
19245
251
-11062
6488
246
-18135
46126
237
-45623
27481
219
-7208
23470
183
-34407
47704
111
-18700
-1492
222
-24168
30549
189
-31877
29096
122
-13508
-6833
245
294
19866
235
-30000
40370
215
-12413
16351
174
-18952
33722
93
-22087
35823
186
-23642
7004
116
-1154
14517
232
-20029
29288
209
-19188
-5938
162
-6669
21529
68
-5814
11439
136
-7985
24027
16
-1964
16436
33
-17162
869
67
18115
2759
134
-14665
5901
13
1681
12438
27
12910
-6999
54
95
19535
108
-14897
7068
216
-10957
47542
177
-41864
30187
99
-7781
-4141
199
-28195
24995
143
-70
18243
30
-19436
4356
60
-6911
9733
121
-18323
20105
243
-9377
8081
231
-23551
49183
206
-25216
33467
156
-27587
2163
57
10217
5346
115
-20517
44097
230
-31141
23424
204
-24243
14334
152
-16887
-3845
49
14538
-6797
98
-3089
19940
197
-21960
40772
139
-6930
17029
22
-16077
2055
45
-8979
5002
90
8780
10515
180
-10800
21156
105
-3257
10309
210
-29691
21256
164
-17058
10766
72
-759
22298
145
-23740
45489
34
-16585
-6431
69
3128
-12226
138
-8188
8828
20
6342
18294
41
-17629
4458
82
8559
9554
165
-2620
19617
74
-18054
7105
149
-15460
47613
42
-17104
-2310
84
-6532
-4367
169
3649
24672
83
-31381
16959
167
-7817
2042
78
-9118
4723
157
-14667
42722
59
-6896
-11709
119
-11873
42497
238
-30932
20097
221
-15203
8063
187
-24564
49275
118
-24715
1140
236
-13663
35556
217
-23535
6471
179
-24149
46218
103
-15263
-4591
207
-26080
24222
158
-4462
16314
61
2937
624
123
-17998
34780
247
-17481
5173
239
-22680
43494
223
-14852
22472
191
-32616
45835
126
-23740
-5613
253
-3091
22433
250
-27984
45633
244
-39456
26751
233
-34735
21755
211
-2511
11891
166
-16227
24675
76
-7851
17858
153
-20845
36736
51
-2173
-23554
102
6359
18936
205
-20143
38637
154
-11918
12376
53
5104
-7125
106
-4878
19411
212
-16752
39843
168
-27589
15045
81
-13528
30854
163
-14981
-2678
70
-6367
-4590
140
-379
24225
24
-3831
16705
48
-12110
1536
96
-2856
3967
193
-12740
41084
131
-5569
17526
7
-22141
2920
14
10132
6604
29
3053
-18794
58
6214
28330
117
-28524
24402
234
-21322
16419
213
-13062
580
170
-11496
34438
85
-24254
37128
171
-19354
9997
87
-23899
20631
175
-9932
9259
95
-22134
19028
190
-15024
5670
124
-997
11722
249
-11093
24081
242
-26909
49056
229
-46092
33468
202
-16768
35061
148
-27770
5224
40
1229
11085
80
-12736
-10087
161
8320
13359
66
-13253
-5538
132
2928
22456
9
-6003
13038
19
14621
-5672
39
-5269
22060
79
5450
12244
159
-31702
24869
63
1904
-14905
127
-11352
35978
255
-21268
7442
254
-21468
48161
252
-43503
31680
248
-34043
31742
240
-32202
31739
225
-37306
31604
194
-16275
31206
133
-18162
-2103
11
-10876
-3441
23
24205
-5862
47
-3180
21553
94
1006
10847
188
-9269
21947
120
-8817
11508
241
-9654
23780
227
-32817
48325
198
-26669
31878
141
-21871
-632
26
-9508
-370
52
-4134
154
104
-3983
1076
208
-6208
35431
160
-23580
6094
64
3276
13081
128
-6884
27184
1
-8548
22621
2
909
13111
4
-6936
-6036
8
3207
-11945
17
15036
-23507
35
4315
18648
71
7539
5293
147
-24449
31056
38
-9291
-3041
77
637
-5573
155
-21956
22005
55
4317
-20760
110
2260
24397
220
-19555
49688
185
-41981
34606
114
-16637
4314
228
-14586
41777
200
-34003
18530
144
-19328
4674
32
1034
9858
65
-4504
-12158
130
-6373
9091
5
1186
18691
10
3298
5124
21
6464
-21627
43
4250
22535
86
-1213
12684
173
-5085
26004
91
-31770
19750
182
-17217
7241
109
3239
15247
218
-33778
31005
181
-34018
30135
107
-9168
-4372
214
-22183
24662
172
-19121
17451
89
-13671
35539
178
-23889
6309
101
6974
13510
203
-35094
27402
150
-5411
22801
44
-7583
13215
88
-13281
-5700
176
-1392
21750
97
-1520
11370
195
-35003
23249
135
3393
14878
15
-21296
-2503
31
20444
-3859
62
-1916
25688
125
-27705
19245
251
-11062
6488
246
-18135
46126
237
-45623
27481
219
-7208
23470
183
-34407
47704
111
-18700
-1492
222
-24168
30549
189
-31877
29096
122
-13508
-6833
245
294
19866
235
-30000
40370
215
-12413
16351
174
-18952
33722
93
-22087
35823
186
-23642
7004
116
-1154
14517
232
-20029
29288
209
-19188
-5938
162
-6669
21529
68
-5814
11439
136
-7985
24027
16
-1964
16436
33
-17162
869
67
18115
2759
134
-14665
5901
13
1681
12438
27
12910
-6999
54
95
19535
108
-14897
7068
216
-10957
47542
177
-41864
30187
99
-7781
-4141
199
-28195
24995
143
-70
18243
30
-19436
4356
60
-6911
9733
121
-18323
20105
243
-9377
8081
231
-23551
49183
206
-25216
33467
156
-27587
2163
57
10217
5346
115
-20517
44097
230
-31141
23424
204
-24243
14334
152
-16887
-3845
49
14538
-6797
98
-3089
19940
197
-21960
40772
139
-6930
17029
22
-16077
2055
45
-8979
5002
90
8780
10515
180
-10800
21156
105
-3257
10309
210
-29691
21256
164
-17058
10766
72
-759
22298
145
-23740
45489
34
-16585
-6431
69
3128
-12226
138
-8188
8828
20
6342
18294
41
-17629
4458
82
8559
9554
165
-2620
19617
74
-18054
7105
149
-15460
47613
42
-17104
-2310
84
-6532
-4367
169
3649
24672
83
-31381
16959
167
-7817
2042
78
-9118
4723
157
-14667
42722
59
-6896
-11709
119
-11873
42497
238
-30932
20097
221
-15203
8063
187
-24564
49275
118
-24715
1140
236
-13663
35556
217
-23535
6471
179
-24149
46218
103
-15263
-4591
207
-26080
24222
158
-4462
16314
61
2937
624
123
-17998
34780
247
-17481
5173
239
-22680
43494
223
-14852
22472
191
-32616
45835
126
-23740
-5613
253
-3091
22433
250
-27984
45633
244
-39456
26751
233
-34735
21755
211
-2511
11891
166
-16227
24675
76
-7851
17858
153
-20845
36736
51
-2173
-23554
102
6359
18936
205
-20143
38637
154
-11918
12376
53
5104
-7125
106
-4878
19411
212
-16752
39843
168
-27589
15045
81
-13528
30854
163
-14981
-2678
70
-6367
-4590
140
-379
24225
24
-3831
16705
48
-12110
1536
96
-2856
3967
193
-12740
41084
131
-5569
17526
7
-22141
2920
14
10132
6604
29
3053
-18794
58
6214
28330
117
-28524
24402
234
-21322
16419
213
-13062
580
170
-11496
34438
85
-24254
37128
171
-19354
9997
87
-23899
20631
175
-9932
9259
95
-22134
19028
190
-15024
5670
124
-997
11722
249
-11093
24081
242
-26909
49056
229
-46092
33468
202
-16768
35061
148
-27770
5224
40
1229
11085
80
-12736
-10087
161
8320
13359
66
-13253
-5538
132
2928
22456
9
-6003
13038
19
14621
-5672
39
-5269
22060
79
5450
12244
159
-31702
24869
63
1904
-14905
127
-11352
35978
255
-21268
7442
254
-21468
48161
252
-43503
31680
248
-34043
31742
240
-32202
31739
225
-37306
31604
194
-16275
31206
133
-18162
-2103
11
-10876
-3441
23
24205
-5862
47
-3180
21553
94
1006
10847
188
-9269
21947
120
-8817
11508
241
-9654
23780
227
-32817
48325
198
-26669
31878
141
-21871
-632
26
-9508
-370
52
-4134
154
104
-3983
1076
208
-6208
35431
160
-23580
6094
64
3276
13081
128
-6884
27184
1
-8548
22621
2
909
13111
4
-6936
-6036
8
3207
-11945
17
15036
-23507
35
4315
18648
71
7539
5293
142
-18738
11096
28
2321
22957
56
-16885
13913
113
-21192
28592
226
-23737
24672
196
-26514
16703
137
-12807
1276
18
-8459
3319
37
-10822
7403
75
13716
15700
151
-32249
31654
46
-7812
-1718
92
-5027
-3310
184
-1963
26403
112
-11284
20293
224
-23210
40967
192
-34172
17037
129
-11044
2071
3
-13719
4780
6
9897
10197
12
-6039
-11991
25
13623
-23472
50
10275
18847
100
-11616
5565
201
-13181
44407
146
-15073
23789
36
-9828
15318
73
-9149
-1111
147
-24449
31056
38
-9291
-3041
77
637
-5573
155
-21956
22005
55
4317
-20760
110
2260
24397
220
-19555
49688
185
-41981
34606
114
-16637
4314
228
-14586
41777
200
-34003
18530
144
-19328
4674
32
1034
9858
65
-4504
-12158
130
-6373
9091
5
1186
18691
10
3298
5124
21
6464
-21627
43
4250
22535
86
-1213
12684
173
-5085
26004
91
-31770
19750
182
-17217
7241
109
3239
15247
218
-33778
31005
181
-34018
30135
107
-9168
-4372
214
-22183
24662
172
-19121
17451
89
-13671
35539
178
-23889
6309
101
6974
13510
203
-35094
27402
150
-5411
22801
44
-7583
13215
88
-13281
-5700
176
-1392
21750
97
-1520
11370
195
-35003
23249
135
3393
14878
15
-21296
-2503
31
20444
-3859
62
-1916
25688
125
-27705
19245
251
-11062
6488
246
-18135
46126
237
-45623
27481
219
-7208
23470
183
-34407
47704
111
-18700
-1492
222
-24168
30549
189
-31877
29096
122
-13508
-6833
245
294
19866
235
-30000
40370
215
-12413
16351
174
-18952
33722
93
-22087
35823
186
-23642
7004
116
-1154
14517
232
-20029
29288
209
-19188
-5938
162
-6669
21529
68
-5814
11439
136
-7985
24027
16
-1964
16436
33
-17162
869
67
18115
2759
134
-14665
5901
13
1681
12438
27
12910
-6999
54
95
19535
108
-14897
7068
216
-10957
47542
177
-41864
30187
99
-7781
-4141
199
-28195
24995
143
-70
18243
30
-19436
4356
60
-6911
9733
121
-18323
20105
243
-9377
8081
231
-23551
49183
206
-25216
33467
156
-27587
2163
57
10217
5346
115
-20517
44097
230
-31141
23424
204
-24243
14334
152
-16887
-3845
49
14538
-6797
98
-3089
19940
197
-21960
40772
139
-6930
17029
22
-16077
2055
45
-8979
5002
90
8780
10515
180
-10800
21156
105
-3257
10309
210
-29691
21256
164
-17058
10766
72
-759
22298
145
-23740
45489
34
-16585
-6431
69
3128
-12226
138
-8188
8828
20
6342
18294
41
-17629
4458
82
8559
9554
165
-2620
19617
74
-18054
7105
149
-15460
47613
42
-17104
-2310
84
-6532
-4367
169
3649
24672
83
-31381
16959
167
-7817
2042
78
-9118
4723
157
-14667
42722
59
-6896
-11709
119
-11873
42497
238
-30932
20097
221
-15203
8063
187
-24564
49275
118
-24715
1140
236
-13663
35556
217
-23535
6471
179
-24149
46218
103
-15263
-4591
207
-26080
24222
158
-4462
16314
61
2937
624
123
-17998
34780
247
-17481
5173
239
-22680
43494
223
-14852
22472
191
-32616
45835
126
-23740
-5613
253
-3091
22433
250
-27984
45633
244
-39456
26751
233
-34735
21755
211
-2511
11891
166
-16227
24675
76
-7851
17858
153
-20845
36736
51
-2173
-23554
102
6359
18936
205
-20143
38637
154
-11918
12376
53
5104
-7125
106
-4878
19411
212
-16752
39843
168
-27589
15045
81
-13528
30854
163
-14981
-2678
70
-6367
-4590
140
-379
24225
24
-3831
16705
48
-12110
1536
96
-2856
3967
193
-12740
41084
131
-5569
17526
7
-22141
2920
14
10132
6604
29
3053
-18794
58
6214
28330
117
-28524
24402
234
-21322
16419
213
-13062
580
170
-11496
34438
85
-24254
37128
171
-19354
9997
87
-23899
20631
175
-9932
9259
95
-22134
19028
190
-15024
5670
124
-997
11722
249
-11093
24081
242
-26909
49056
229
-46092
33468
202
-16768
35061
148
-27770
5224
40
1229
11085
80
-12736
-10087
161
8320
13359
66
-13253
-5538
132
2928
22456
9
-6003
13038
19
14621
-5672
39
-5269
22060
79
5450
12244
159
-31702
24869
63
1904
-14905
127
-11352
35978
255
-21268
7442
254
-21468
48161
252
-43503
31680
248
-34043
31742
240
-32202
31739
225
-37306
31604
194
-16275
31206
133
-18162
-2103
11
-10876
-3441
23
24205
-5862
47
-3180
21553
94
1006
10847
188
-9269
21947
120
-8817
11508
241
-9654
23780
227
-32817
48325
198
-26669
31878
141
-21871
-632
26
-9508
-370
52
-4134
154
104
-3983
1076
208
-6208
35431
160
-23580
6094
64
3276
13081
128
-6884
27184
1
-8548
22621
2
909
13111
4
-6936
-6036
8
3207
-11945
17
15036
-23507
35
4315
18648
71
7539
5293
142
-18738
11096
28
2321
22957
56
-16885
13913
113
-21192
28592
226
-23737
24672
196
-26514
16703
137
-12807
1276
18
-8459
3319
37
-10822
7403
75
13716
15700
151
-32249
31654
46
-7812
-1718
92
-5027
-3310
184
-1963
26403
112
-11284
20293
224
-23210
40967
192
-34172
17037
129
-11044
2071
3
-13719
4780
6
9897
10197
12
-6039
-11991
25
13623
-23472
50
10275
18847
100
-11616
5565
201
-13181
44407
146
-15073
23789
36
-9828
15318
73
-9149
-1111
147
-24449
31056
38
-9291
-3041
77
637
-5573
155
-21956
22005
55
4317
-20760
110
2260
24397
220
-19555
49688
185
-41981
34606
114
-16637
4314
228
-14586
41777
200
-34003
18530
144
-19328
4674
32
1034
9858
65
-4504
-12158
130
-6373
9091
5
1186
18691
10
3298
5124
21
6464
-21627
43
4250
22535
86
-1213
12684
173
-5085
26004
91
-31770
19750
182
-17217
7241
109
3239
15247
218
-33778
31005
181
-34018
30135
107
-9168
-4372
214
-22183
24662
172
-19121
17451
89
-13671
35539
178
-23889
6309
101
6974
13510
203
-35094
27402
150
-5411
22801
44
-7583
13215
88
-13281
-5700
176
-1392
21750
97
-1520
11370
195
-35003
23249
135
3393
14878
15
-21296
-2503
31
20444
-3859
62
-1916
25688
125
-27705
19245
251
-11062
6488
246
-18135
46126
237
-45623
27481
219
-7208
23470
183
-34407
47704
111
-18700
-1492
222
-24168
30549
189
-31877
29096
122
-13508
-6833
245
294
19866
235
-30000
40370
215
-12413
16351
174
-18952
33722
93
-22087
35823
186
-23642
7004
116
-1154
14517
232
-20029
29288
209
-19188
-5938
