199
5780
200
5753
201
5726
202
5699
203
5672
204
5645
205
5618
206
5591
207
5564
208
5537
209
5510
210
5483
211
5456
212
5429
213
5402
214
5375
215
5348
216
5321
217
5294
218
5267
219
5240
220
5213
221
5186
222
5159
223
5132
224
5105
225
5078
226
5051
227
5024
228
4997
229
4970
230
4943
231
4916
232
4889
233
4862
234
4835
235
4808
236
4781
237
4754
238
4727
239
4700
240
4673
241
4646
242
4619
243
4592
244
4565
245
4538
246
4511
247
4484
248
4457
249
4430
250
4403
251
4376
1
-18241
2
-29563
3
-35112
4
-5772
5
9010
6
-15615
7
-27941
8
-27968
9
-27995
10
-28022
11
-28049
12
-28076
13
-28103
14
-28130
15
-28157
16
-28184
17
-28211
18
-28238
19
-28265
20
-28292
21
-28319
22
-28346
23
-28373
24
-28400
25
-28427
26
-28454
27
-28481
28
-28508
29
-28535
30
-28562
31
-28589
32
-28616
33
-2539
34
10486
35
16985
36
-11907
37
-26241
38
-1168
39
11355
40
11328
41
11301
42
11274
43
11247
44
11220
45
11193
46
11166
47
11139
48
11112
49
11085
50
11058
51
11031
52
11004
53
10977
54
10950
55
10923
56
10896
57
10869
58
10842
59
10815
60
10788
61
10761
62
10734
63
10707
64
10680
65
16928
66
20164
67
-10234
68
-25321
69
-32878
70
-4542
71
9738
72
9711
73
9684
74
9657
75
9630
76
9603
77
9576
78
9549
79
9522
80
9495
81
9468
82
9441
83
9414
84
9387
85
9360
86
9333
87
9306
88
9279
89
9252
90
9225
91
9198
92
9171
93
9144
94
9117
95
9090
96
9063
97
-15813
98
3989
99
14002
100
-13133
101
-26714
102
-33518
103
-36808
104
-36835
105
-36862
106
-36889
107
-36916
108
-36943
109
-36970
110
-36997
111
-37024
112
-37051
113
-37078
114
-37105
115
-37132
116
-37159
117
-37186
118
-37213
119
-37240
120
-37267
121
-37294
122
-37321
123
-37348
124
-37375
125
-37402
126
-37429
127
-37456
128
-37483
129
-6888
130
-23732
131
-32042
132
-36085
133
-5992
134
-23087
135
480
136
453
137
426
138
399
139
372
140
345
141
318
142
291
143
264
144
237
145
210
146
183
147
156
148
129
149
102
150
75
151
48
152
21
153
-6
154
-33
155
-60
156
-87
157
-114
158
-141
159
-168
160
-195
161
11575
162
17572
163
-11571
164
5972
165
-17398
166
3157
167
13421
168
13394
169
13367
170
13340
171
13313
172
13286
173
13259
174
13232
175
13205
176
13178
177
13151
178
13124
179
13097
180
13070
181
13043
182
13016
183
12989
184
12962
185
12935
186
12908
187
12881
188
12854
189
12827
190
12800
191
12773
192
12746
193
17990
194
20724
195
-9925
196
6865
197
15372
198
-12516
199
5780
200
5753
201
5726
202
5699
203
5672
204
5645
205
5618
206
5591
207
5564
208
5537
209
5510
210
5483
211
5456
212
5429
213
5402
214
5375
215
5348
216
5321
217
5294
218
5267
219
5240
220
5213
221
5186
222
5159
223
5132
224
5105
225
5078
226
5051
227
5024
228
4997
229
4970
230
4943
231
4916
232
4889
233
4862
234
4835
235
4808
236
4781
237
4754
238
4727
239
4700
240
4673
241
4646
242
4619
243
4592
244
4565
245
4538
246
4511
247
4484
248
4457
249
4430
250
4403
251
4376
1
-18241
2
-29563
3
-35112
4
-5772
5
9010
6
-15615
7
-27941
8
-27968
9
-27995
10
-28022
11
-28049
12
-28076
13
-28103
14
-28130
15
-28157
16
-28184
17
-28211
18
-28238
19
-28265
20
-28292
21
-28319
22
-28346
23
-28373
24
-28400
25
-28427
26
-28454
27
-28481
28
-28508
29
-28535
30
-28562
31
-28589
32
-28616
33
-2539
34
10486
35
16985
36
-11907
37
-26241
38
-1168
39
11355
40
11328
41
11301
42
11274
43
11247
44
11220
45
11193
46
11166
47
11139
48
11112
49
11085
50
11058
51
11031
52
11004
53
10977
54
10950
55
10923
56
10896
57
10869
58
10842
59
10815
60
10788
61
10761
62
10734
63
10707
64
10680
65
16928
66
20164
67
-10234
68
-25321
69
-32878
70
-4542
71
9738
72
9711
73
9684
74
9657
75
9630
76
9603
77
9576
78
9549
79
9522
80
9495
81
9468
82
9441
83
9414
84
9387
85
9360
86
9333
87
9306
88
9279
89
9252
90
9225
91
9198
92
9171
93
9144
94
9117
95
9090
96
9063
97
-15813
98
3989
99
14002
100
-13133
101
-26714
102
-33518
103
-36808
104
-36835
105
-36862
106
-36889
107
-36916
108
-36943
109
-36970
110
-36997
111
-37024
112
-37051
113
-37078
114
-37105
115
-37132
116
-37159
117
-37186
118
-37213
119
-37240
120
-37267
121
-37294
122
-37321
123
-37348
124
-37375
125
-37402
126
-37429
127
-37456
128
-37483
129
-6888
130
-23732
131
-32042
132
-36085
133
-5992
134
-23087
135
480
136
453
137
426
138
399
139
372
140
345
141
318
142
291
143
264
144
237
145
210
146
183
147
156
148
129
149
102
150
75
151
48
152
21
153
-6
154
-33
155
-60
156
-87
157
-114
158
-141
159
-168
160
-195
161
11575
162
17572
163
-11571
164
5972
165
-17398
166
3157
167
13421
168
13394
169
13367
170
13340
171
13313
172
13286
173
13259
174
13232
175
13205
176
13178
177
13151
178
13124
179
13097
180
13070
181
13043
182
13016
183
12989
184
12962
185
12935
186
12908
187
12881
188
12854
189
12827
190
12800
191
12773
192
12746
193
17990
194
20724
195
-9925
196
6865
197
15372
198
-12516
199
5780
200
5753
201
5726
202
5699
203
5672
204
5645
205
5618
206
5591
207
5564
208
5537
209
5510
210
5483
211
5456
212
5429
213
5402
214
5375
215
5348
216
5321
217
5294
218
5267
219
5240
220
5213
221
5186
222
5159
223
5132
224
5105
225
5078
226
5051
227
5024
228
4997
229
4970
230
4943
231
4916
232
4889
233
4862
234
4835
235
4808
236
4781
237
4754
238
4727
239
4700
240
4673
241
4646
242
4619
243
4592
244
4565
245
4538
246
4511
247
4484
248
4457
249
4430
250
4403
251
4376
1
-18241
2
-29563
3
-35112
4
-5772
5
9010
6
-15615
7
-27941
8
-27968
9
-27995
10
-28022
11
-28049
12
-28076
13
-28103
14
-28130
15
-28157
16
-28184
17
-28211
18
-28238
19
-28265
20
-28292
21
-28319
22
-28346
23
-28373
24
-28400
25
-28427
26
-28454
27
-28481
28
-28508
29
-28535
30
-28562
31
-28589
32
-28616
33
-2539
34
10486
35
16985
36
-11907
37
-26241
38
-1168
39
11355
40
11328
41
11301
42
11274
43
11247
44
11220
45
11193
46
11166
47
11139
48
11112
49
11085
50
11058
51
11031
52
11004
53
10977
54
10950
55
10923
56
10896
57
10869
58
10842
59
10815
60
10788
61
10761
62
10734
63
10707
64
10680
65
16928
66
20164
67
-10234
68
-25321
69
-32878
70
-4542
71
9738
72
9711
73
9684
74
9657
75
9630
76
9603
77
9576
78
9549
79
9522
80
9495
81
9468
82
9441
83
9414
84
9387
85
9360
86
9333
87
9306
88
9279
89
9252
90
9225
91
9198
92
9171
93
9144
94
9117
95
9090
96
9063
97
-15813
98
3989
99
14002
100
-13133
101
-26714
102
-33518
103
-36808
104
-36835
105
-36862
106
-36889
107
-36916
108
-36943
109
-36970
110
-36997
111
-37024
112
-37051
113
-37078
114
-37105
115
-37132
116
-37159
117
-37186
118
-37213
119
-37240
120
-37267
121
-37294
122
-37321
123
-37348
124
-37375
125
-37402
126
-37429
127
-37456
128
-37483
129
-6888
130
-23732
131
-32042
132
-36085
133
-5992
134
-23087
135
480
136
453
137
426
138
399
139
372
140
345
141
318
142
291
143
264
144
237
145
210
146
183
147
156
148
129
149
102
150
75
151
48
152
21
153
-6
154
-33
155
-60
156
-87
157
-114
158
-141
159
-168
160
-195
161
11575
162
17572
163
-11571
164
5972
165
-17398
166
3157
167
13421
168
13394
169
13367
170
13340
171
13313
172
13286
173
13259
174
13232
175
13205
176
13178
177
13151
178
13124
179
13097
180
13070
181
13043
182
13016
183
12989
184
12962
185
12935
186
12908
187
12881
188
12854
189
12827
190
12800
191
12773
192
12746
193
17990
194
20724
195
-9925
196
6865
197
15372
198
-12516
199
5780
200
5753
201
5726
202
5699
203
5672
204
5645
205
5618
206
5591
207
5564
208
5537
209
5510
210
5483
211
5456
212
5429
213
5402
214
5375
215
5348
216
5321
217
5294
218
5267
219
5240
220
5213
221
5186
222
5159
223
5132
224
5105
225
5078
226
5051
227
5024
228
4997
229
4970
230
4943
231
4916
232
4889
233
4862
234
4835
235
4808
236
4781
237
4754
238
4727
239
4700
240
4673
241
4646
242
4619
243
4592
244
4565
245
4538
246
4511
247
4484
248
4457
249
4430
250
4403
251
4376
1
-18241
2
-29563
3
-35112
4
-5772
5
9010
6
-15615
7
-27941
8
-27968
9
-27995
10
-28022
11
-28049
12
-28076
13
-28103
14
-28130
15
-28157
16
-28184
17
-28211
18
-28238
19
-28265
20
-28292
21
-28319
22
-28346
23
-28373
24
-28400
25
-28427
26
-28454
27
-28481
28
-28508
29
-28535
30
-28562
31
-28589
32
-28616
33
-2539
34
10486
35
16985
36
-11907
37
-26241
38
-1168
39
11355
40
11328
41
11301
42
11274
43
11247
44
11220
45
11193
46
11166
15
-39246
31
1459
62
35064
125
43160
251
77329
246
2079
237
-21644
219
-40847
183
-3963
111
-27755
222
37932
189
-33116
122
6729
245
14578
235
15380
215
61348
174
15724
93
-69680
186
-74753
116
-37982
232
54707
209
19576
162
26805
68
21469
136
-31966
16
-61937
33
-16995
67
-10300
134
16537
13
-37312
27
-59335
54
-17121
108
4272
216
21634
177
11231
99
-12914
199
-30127
143
1387
30
-44730
60
-68534
121
-34916
243
52742
231
-16139
206
-20111
156
-53817
57
-28301
115
-19945
230
42816
204
17825
152
-17143
49
-28412
98
-25981
197
-44441
139
-16731
22
19421
45
-31244
90
-5301
180
4018
105
11689
210
57267
164
-41199
72
-6650
145
14671
34
14518
69
4066
138
916
20
-15987
41
8614
82
-27004
165
18936
74
20432
149
35265
42
-25433
84
-38744
169
-37937
83
-46349
167
24490
78
-12326
157
48370
59
-42373
119
-28347
238
-13941
221
5135
187
53712
118
-8406
236
-51071
217
78423
179
52993
103
20506
207
-24592
158
-47903
61
-10361
123
9630
247
8622
239
61080
223
34961
191
-1982
126
-51717
253
27179
250
69492
244
102389
233
-21348
211
-57174
166
-7935
76
41660
153
-13166
51
25672
102
43857
205
18938
154
123075
53
20406
106
-3308
212
-54469
168
15398
81
21687
163
-6208
70
-34853
140
8134
24
3946
48
-35411
96
-10385
193
-241
131
-27500
7
-10593
14
-44729
29
-28415
58
-48230
117
-21109
234
18021
213
23682
170
-48266
85
-61577
171
-60027
87
-18649
175
-10719
95
21924
190
23667
124
639
249
-28419
242
-26987
229
-27027
202
4209
148
20034
40
14485
80
18154
161
-68362
66
-5257
132
15199
9
12924
19
-12950
39
-49751
79
27061
159
4578
63
791
127
-33714
255
-31113
254
20428
252
77146
248
-31514
240
-22825
225
54975
194
23224
133
-27456
11
19986
23
-17110
47
-18472
94
15403
188
27991
120
-14035
241
-42934
227
-40461
198
-52730
141
-41689
26
-51998
52
-4363
104
-8608
208
15683
160
35457
64
-19131
128
-46291
1
-34041
2
25108
4
37716
8
-20319
17
-9140
35
-16707
71
14926
142
-12188
28
-2678
56
-6776
113
-24919
226
-47508
196
33122
137
-8687
18
-6061
37
67917
75
20301
151
11209
46
49171
92
-39779
184
16467
112
13194
224
13502
192
-16236
129
53068
3
28917
6
-40792
12
18771
25
-34481
50
-61773
100
-36103
201
52800
146
30612
36
-28238
73
-39487
147
-13989
38
-5532
77
-16487
155
-5474
55
-30902
110
-1168
220
27856
185
31630
114
7514
228
-29486
200
-47239
144
9090
32
14356
65
-27360
130
-50749
5
-31443
10
-12483
21
-32836
43
10806
86
-15430
173
30715
91
-2082
182
27838
109
78499
218
-32078
181
-15441
107
-14021
214
17055
172
-616
89
5158
178
9696
101
9664
203
-8158
150
-35828
44
-62823
88
-4963
176
32604
97
2828
195
33405
135
1264
15
-39246
31
1459
62
35064
125
43160
251
77329
246
2079
237
-21644
219
-40847
183
-3963
111
-27755
222
37932
189
-33116
122
6729
245
14578
235
15380
215
61348
174
15724
93
-69680
186
-74753
116
-37982
232
54707
209
19576
162
26805
68
21469
136
-31966
16
-61937
33
-16995
67
-10300
134
16537
13
-37312
27
-59335
54
-17121
108
4272
216
21634
177
11231
99
-12914
199
-30127
143
1387
30
-44730
60
-68534
121
-34916
243
52742
231
-16139
206
-20111
156
-53817
57
-28301
115
-19945
230
42816
204
17825
152
-17143
49
-28412
98
-25981
197
-44441
139
-16731
22
19421
45
-31244
90
-5301
180
4018
105
11689
210
57267
164
-41199
72
-6650
145
14671
34
14518
69
4066
138
916
20
-15987
41
8614
82
-27004
165
18936
74
20432
149
35265
42
-25433
84
-38744
169
-37937
83
-46349
167
24490
78
-12326
157
48370
59
-42373
119
-28347
238
-13941
221
5135
187
53712
118
-8406
236
-51071
217
78423
179
52993
103
20506
207
-24592
158
-47903
61
-10361
123
9630
247
8622
239
61080
223
34961
191
-1982
158
-47903
61
-10361
123
9630
247
8622
239
61080
223
34961
191
-1982
126
-51717
253
27179
250
69492
244
102389
233
-21348
211
-57174
166
-7935
76
41660
153
-13166
51
25672
102
43857
205
18938
154
123075
53
20406
106
-3308
212
-54469
168
15398
81
21687
163
-6208
70
-34853
140
8134
24
3946
48
-35411
96
-10385
193
-241
131
-27500
7
-10593
14
-44729
29
-28415
58
-48230
117
-21109
234
18021
213
23682
170
-48266
85
-61577
171
-60027
87
-18649
175
-10719
95
21924
190
23667
124
639
249
-28419
242
-26987
229
-27027
202
4209
148
20034
40
14485
80
18154
161
-68362
66
-5257
132
15199
9
12924
19
-12950
39
-49751
79
27061
159
4578
63
791
127
-33714
255
-31113
254
20428
252
77146
248
-31514
240
-22825
225
54975
194
23224
133
-27456
11
19986
23
-17110
47
-18472
94
15403
188
27991
120
-14035
241
-42934
227
-40461
198
-52730
141
-41689
26
-51998
52
-4363
104
-8608
208
15683
160
35457
64
-19131
128
-46291
1
-34041
2
25108
4
37716
8
-20319
17
-9140
35
-16707
71
14926
142
-12188
28
-2678
56
-6776
113
-24919
226
-47508
196
33122
137
-8687
18
-6061
37
67917
75
20301
151
11209
46
49171
92
-39779
184
16467
112
13194
224
13502
192
-16236
129
53068
3
28917
6
-40792
12
18771
25
-34481
50
-61773
100
-36103
201
52800
146
30612
36
-28238
73
-39487
147
-13989
38
-5532
77
-16487
155
-5474
55
-30902
110
-1168
220
27856
185
31630
114
7514
228
-29486
200
-47239
144
9090
32
14356
65
-27360
130
-50749
5
-31443
10
-12483
21
-32836
43
10806
86
-15430
173
30715
91
-2082
182
27838
109
78499
218
-32078
181
-15441
107
-14021
214
17055
172
-616
89
5158
178
9696
101
9664
203
-8158
150
-35828
44
-62823
88
-4963
176
32604
97
2828
195
33405
135
1264
15
-39246
31
1459
62
35064
125
43160
251
77329
246
2079
237
-21644
219
-40847
183
-3963
111
-27755
222
37932
189
-33116
122
6729
245
14578
235
15380
215
61348
174
15724
93
-69680
186
-74753
116
-37982
232
54707
209
19576
162
26805
68
21469
136
-31966
16
-61937
33
-16995
67
-10300
134
16537
13
-37312
27
-59335
54
-17121
108
4272
216
21634
177
11231
99
-12914
199
-30127
143
1387
30
-44730
60
-68534
121
-34916
243
52742
231
-16139
206
-20111
156
-53817
57
-28301
115
-19945
230
42816
204
17825
152
-17143
49
-28412
98
-25981
197
-44441
139
-16731
22
19421
45
-31244
90
-5301
180
4018
105
11689
210
57267
164
-41199
72
-6650
145
14671
34
14518
69
4066
138
916
20
-15987
41
8614
82
-27004
165
18936
74
20432
149
35265
42
-25433
84
-38744
169
-37937
83
-46349
167
24490
78
-12326
157
48370
59
-42373
119
-28347
238
-13941
221
5135
187
53712
118
-8406
236
-51071
217
78423
179
52993
103
20506
207
-24592
158
-47903
61
-10361
123
9630
247
8622
239
61080
223
34961
191
-1982
126
-51717
253
27179
250
69492
244
102389
233
-21348
211
-57174
166
-7935
76
41660
153
-13166
51
25672
102
43857
205
18938
154
123075
53
20406
106
-3308
212
-54469
168
15398
81
21687
163
-6208
70
-34853
140
8134
24
3946
48
-35411
96
-10385
193
-241
131
-27500
7
-10593
14
-44729
29
-28415
58
-48230
117
-21109
234
18021
213
23682
170
-48266
85
-61577
171
-60027
87
-18649
175
-10719
95
21924
190
23667
124
639
249
-28419
242
-26987
229
-27027
202
4209
148
20034
40
14485
80
18154
161
-68362
66
-5257
132
15199
9
12924
19
-12950
39
-49751
79
27061
159
4578
63
791
127
-33714
255
-31113
254
20428
252
77146
248
-31514
240
-22825
225
54975
194
23224
133
-27456
11
19986
23
-17110
47
-18472
94
15403
188
27991
120
-14035
241
-42934
227
-40461
198
-52730
141
-41689
26
-51998
52
-4363
104
-8608
208
15683
160
35457
64
-19131
128
-46291
1
-34041
2
25108
4
37716
8
-20319
17
-9140
35
-16707
71
14926
1
-34041
2
25108
4
37716
8
-20319
17
-9140
35
-16707
71
14926
142
-12188
28
-2678
56
-6776
113
-24919
226
-47508
196
33122
137
-8687
18
-6061
37
67917
75
20301
151
11209
46
49171
92
-39779
184
16467
112
13194
224
13502
192
-16236
129
53068
3
28917
6
-40792
12
18771
25
-34481
50
-61773
100
-36103
201
52800
146
30612
36
-28238
73
-39487
147
-13989
38
-5532
77
-16487
155
-5474
55
-30902
110
-1168
220
27856
185
31630
114
7514
228
-29486
200
-47239
144
9090
32
14356
65
-27360
130
-50749
5
-31443
10
-12483
21
-32836
43
10806
86
-15430
173
30715
91
-2082
182
27838
109
78499
218
-32078
181
-15441
107
-14021
214
17055
172
-616
89
5158
178
9696
101
9664
203
-8158
150
-35828
44
-62823
88
-4963
176
32604
97
2828
195
33405
135
1264
15
-39246
31
1459
62
35064
125
43160
251
77329
246
2079
237
-21644
219
-40847
183
-3963
111
-27755
222
37932
189
-33116
122
6729
245
14578
235
15380
215
61348
174
15724
93
-69680
186
-74753
116
-37982
232
54707
209
19576
162
26805
68
21469
136
-31966
16
-61937
33
-16995
67
-10300
134
16537
13
-37312
27
-59335
54
-17121
108
4272
216
21634
177
11231
99
-12914
199
-30127
143
1387
30
-44730
60
-68534
121
-34916
243
52742
231
-16139
206
-20111
156
-53817
57
-28301
115
-19945
230
42816
204
17825
152
-17143
49
-28412
98
-25981
197
-44441
139
-16731
22
19421
45
-31244
90
-5301
180
4018
105
11689
210
57267
164
-41199
72
-6650
145
14671
34
14518
69
4066
138
916
20
-15987
41
8614
82
-27004
165
18936
74
20432
149
35265
42
-25433
84
-38744
169
-37937
83
-46349
167
24490
78
-12326
157
48370
59
-42373
119
-28347
238
-13941
221
5135
187
53712
118
-8406
236
-51071
217
78423
179
52993
103
20506
207
-24592
158
-47903
61
-10361
123
9630
247
8622
239
61080
223
34961
191
-1982
126
-51717
253
27179
250
69492
244
102389
233
-21348
211
-57174
166
-7935
76
41660
153
-13166
51
25672
102
43857
205
18938
154
123075
53
20406
106
-3308
212
-54469
168
15398
81
21687
163
-6208
70
-34853
140
8134
24
3946
48
-35411
96
-10385
193
-241
131
-27500
7
-10593
14
-44729
29
-28415
58
-48230
117
-21109
234
18021
213
23682
170
-48266
85
-61577
171
-60027
87
-18649
175
-10719
95
21924
190
23667
124
639
249
-28419
242
-26987
229
-27027
202
4209
148
20034
40
14485
80
18154
161
-68362
66
-5257
132
15199
9
12924
19
-12950
39
-49751
79
27061
159
4578
63
791
127
-33714
255
-31113
254
20428
252
77146
248
-31514
240
-22825
225
54975
194
23224
133
-27456
11
19986
23
-17110
47
-18472
94
15403
188
27991
120
-14035
241
-42934
227
-40461
198
-52730
141
-41689
26
-51998
52
-4363
104
-8608
208
15683
160
35457
64
-19131
128
-46291
1
-34041
2
25108
4
37716
8
-20319
17
-9140
35
-16707
71
14926
142
-12188
28
-2678
56
-6776
113
-24919
226
-47508
196
33122
137
-8687
18
-6061
37
67917
75
20301
151
11209
46
49171
92
-39779
184
16467
112
13194
224
13502
192
-16236
129
53068
3
28917
6
-40792
12
18771
25
-34481
50
-61773
100
-36103
201
52800
146
30612
36
-28238
73
-39487
147
-13989
38
-5532
77
-16487
155
-5474
55
-30902
110
-1168
220
27856
185
31630
114
7514
228
-29486
200
-47239
144
9090
32
14356
65
-27360
130
-50749
5
-31443
10
-12483
21
-32836
43
10806
86
-15430
173
30715
91
-2082
182
27838
109
78499
218
-32078
181
-15441
107
-14021
214
17055
172
-616
89
5158
178
9696
101
9664
203
-8158
150
-35828
44
-62823
88
-4963
176
32604
97
2828
195
33405
135
1264
15
-39246
31
1459
62
35064
125
43160
251
77329
246
2079
237
-21644
219
-40847
183
-3963
111
-27755
222
37932
189
-33116
122
6729
245
14578
235
15380
215
61348
174
15724
93
-69680
186
-74753
116
-37982
232
54707
209
19576
