19
20
21
22
23
24
25
26
27
28
29
30
31
32
33
34
35
36
37
38
39
40
41
42
43
44
45
46
47
48
49
50
51
52
53
54
55
56
57
58
59
60
61
62
63
64
65
66
67
68
69
70
71
72
73
74
75
76
77
78
79
80
81
82
83
84
85
86
87
88
89
90
91
92
93
94
95
96
97
98
99
100
101
102
103
104
105
106
107
108
109
110
111
112
113
114
115
116
117
118
119
120
121
122
123
124
125
126
127
128
129
130
131
132
133
134
135
136
137
138
139
140
141
142
143
144
145
146
147
148
149
150
151
152
153
154
155
156
157
158
159
160
161
162
163
164
165
166
167
168
169
170
171
172
173
174
175
176
177
178
179
180
181
182
183
184
185
186
187
188
189
190
191
192
193
194
195
196
197
198
199
200
201
202
203
204
205
206
207
208
209
210
211
212
213
214
215
216
217
218
219
220
221
222
223
224
225
226
227
228
229
230
231
232
233
234
235
236
237
238
239
240
241
242
243
244
245
246
247
248
249
250
251
1
2
3
4
5
6
7
8
9
10
11
12
13
14
15
16
17
18
19
20
21
22
23
24
25
26
27
28
29
30
31
32
33
34
35
36
37
38
39
40
41
42
43
44
45
46
47
48
49
50
51
52
53
54
55
56
57
58
59
60
61
62
63
64
65
66
67
68
69
70
71
72
73
74
75
76
77
78
79
80
81
82
83
84
85
86
87
88
89
90
91
92
93
94
95
96
97
98
99
100
101
102
103
104
105
106
107
108
109
110
111
112
113
114
115
116
117
118
119
120
121
122
123
124
125
126
127
128
129
130
131
132
133
134
135
136
137
138
139
140
141
142
143
144
145
146
147
148
149
150
151
152
153
154
155
156
157
158
159
160
161
162
163
164
165
166
167
168
169
170
171
172
173
174
175
176
177
178
179
180
181
182
183
184
185
186
187
188
189
190
191
192
193
194
195
196
197
198
199
200
201
202
203
204
205
206
207
208
209
210
211
212
213
214
215
216
217
218
219
220
221
222
223
224
225
226
227
228
229
230
231
232
233
234
235
236
237
238
239
240
241
242
243
244
245
246
247
248
249
250
251
1
2
3
4
5
6
7
8
9
10
11
12
13
14
15
16
17
18
19
20
21
22
23
24
25
26
27
28
29
30
31
32
33
34
35
36
37
38
39
40
41
42
43
44
45
46
47
48
49
50
51
52
53
54
55
56
57
58
59
60
61
62
63
64
65
66
67
68
69
70
71
72
73
74
75
76
77
78
79
80
81
82
83
84
85
86
87
88
89
90
91
92
93
94
95
96
97
98
99
100
101
102
103
104
105
106
107
108
109
110
111
112
113
114
115
116
117
118
119
120
121
122
123
124
125
126
127
128
129
130
131
132
133
134
135
136
137
138
139
140
141
142
143
144
145
146
147
148
149
150
151
152
153
154
155
156
157
158
159
160
161
162
163
164
165
166
167
168
169
170
171
172
173
174
175
176
177
178
179
180
181
182
183
184
185
186
187
188
189
190
191
192
193
194
195
196
197
198
199
200
201
202
203
204
205
206
207
208
209
210
211
212
213
214
215
216
217
218
219
220
221
222
223
224
225
226
227
228
229
230
231
232
233
234
235
236
237
238
239
240
241
242
243
244
245
246
247
248
249
250
251
1
2
3
4
5
6
7
8
9
10
11
12
13
14
15
16
17
18
19
20
21
22
23
24
25
26
27
28
29
30
31
32
33
34
35
36
37
38
39
40
41
42
43
44
45
46
47
48
49
50
51
52
53
54
55
56
57
58
59
60
61
62
63
64
65
66
67
68
69
70
71
72
73
74
75
76
77
78
79
80
81
82
83
84
85
86
87
88
89
90
91
92
93
94
95
96
97
98
99
100
101
102
103
104
105
106
107
108
109
110
111
112
113
114
115
116
117
118
119
120
121
122
123
124
125
126
127
128
129
130
131
132
133
134
135
136
137
138
139
140
141
142
143
144
145
146
147
148
149
150
151
152
153
154
155
156
157
158
159
160
161
162
163
164
165
166
167
168
169
170
171
172
173
174
175
176
177
178
179
180
181
182
183
184
185
186
187
188
189
190
191
192
193
194
195
196
197
198
199
200
201
202
203
204
205
206
207
208
209
210
211
212
213
214
215
216
217
218
219
220
221
222
223
224
225
226
227
228
229
230
231
232
233
234
235
236
237
238
239
240
241
242
243
244
245
246
247
248
249
250
251
1
2
3
4
5
6
7
8
9
10
11
12
13
14
15
16
17
18
19
20
21
22
23
24
25
26
27
28
29
30
31
32
33
34
35
36
37
38
39
40
41
42
43
44
45
46
47
48
49
50
51
52
53
54
55
56
57
58
59
60
61
62
63
64
65
66
67
68
69
70
71
72
73
74
75
76
77
78
79
80
81
82
83
84
85
86
99
199
143
30
60
121
243
231
206
156
57
115
230
204
152
49
98
197
139
22
45
90
180
105
210
164
72
145
34
69
138
20
41
82
165
74
149
42
84
169
83
167
78
157
59
119
238
221
187
118
236
217
179
103
207
158
61
123
247
239
223
191
126
253
250
244
233
211
166
76
153
51
102
205
154
53
106
212
168
81
163
70
140
24
48
96
193
131
7
14
29
58
117
234
213
170
85
171
87
175
95
190
124
249
242
229
202
148
40
80
161
66
132
9
19
39
79
159
63
127
255
254
252
248
240
225
194
133
11
23
47
94
188
120
241
227
198
141
26
52
104
208
160
64
128
1
2
4
8
17
35
71
142
28
56
113
226
196
137
18
37
75
151
46
92
184
112
224
192
129
3
6
12
25
50
100
201
146
36
73
147
38
77
155
55
110
220
185
114
228
200
144
32
65
130
5
10
21
43
86
173
91
182
109
218
181
107
214
172
89
178
101
203
150
44
88
176
97
195
135
15
31
62
125
251
246
237
219
183
111
222
189
122
245
235
215
174
93
186
116
232
209
162
68
136
16
33
67
134
13
27
54
108
216
177
99
199
143
30
60
121
243
231
206
156
57
115
230
204
152
49
98
197
139
22
45
90
180
105
210
164
72
145
34
69
138
20
41
82
165
74
149
42
84
169
83
167
78
157
59
119
238
221
187
118
236
217
179
103
207
158
61
123
247
239
223
191
126
253
250
244
233
211
166
76
153
51
102
205
154
53
106
212
168
81
163
70
140
24
48
96
193
131
7
14
29
58
117
234
213
170
85
171
87
175
95
190
124
249
242
229
202
148
40
80
161
66
132
9
19
39
79
159
63
127
255
254
252
248
240
225
194
133
11
23
47
94
188
120
241
227
198
141
26
52
104
208
160
64
128
1
2
4
8
17
35
71
142
28
56
113
226
196
137
18
37
75
151
46
92
184
112
224
192
129
3
6
12
25
50
100
201
146
36
73
147
38
77
155
55
110
220
185
114
228
200
144
32
65
130
5
10
21
43
86
173
91
182
109
218
181
107
214
172
89
178
101
203
150
44
88
176
97
195
135
15
31
62
125
251
246
237
219
183
111
222
189
122
245
235
215
174
93
186
116
232
209
162
68
136
16
33
67
134
13
27
54
108
216
177
99
199
143
30
60
121
243
231
206
156
57
115
230
204
152
49
98
197
139
22
45
90
180
105
210
164
72
145
34
69
138
20
41
82
165
74
149
42
84
169
83
167
78
157
59
119
238
221
187
118
236
217
179
103
207
158
61
123
247
239
223
191
29
58
117
234
213
170
85
171
87
175
95
190
124
249
242
229
202
148
40
80
161
66
132
9
19
39
79
159
63
127
255
254
252
248
240
225
194
133
11
23
47
94
188
120
241
227
198
141
26
52
104
208
160
64
128
1
2
4
8
17
35
71
142
28
56
113
226
196
137
18
37
75
151
46
92
184
112
224
192
129
3
6
12
25
50
100
201
146
36
73
147
38
77
155
55
110
220
185
114
228
200
144
32
65
130
5
10
21
43
86
173
91
182
109
218
181
107
214
172
89
178
101
203
150
44
88
176
97
195
135
15
31
62
125
251
246
237
219
183
111
222
189
122
245
235
215
174
93
186
116
232
209
162
68
136
16
33
67
134
13
27
54
108
216
177
99
199
143
30
60
121
243
231
206
156
57
115
230
204
152
49
98
197
139
22
45
90
180
105
210
164
72
145
34
69
138
20
41
82
165
74
149
42
84
169
83
167
78
157
59
119
238
221
187
118
236
217
179
103
207
158
61
123
247
239
223
191
126
253
250
244
233
211
166
76
153
51
102
205
154
53
106
212
168
81
163
70
140
24
48
96
193
131
7
14
29
58
117
234
213
170
85
171
87
175
95
190
124
249
242
229
202
148
40
80
161
66
132
9
19
39
79
159
63
127
255
254
252
248
240
225
194
133
11
23
47
94
188
120
241
227
198
141
26
52
104
208
160
64
128
1
2
4
8
17
35
71
142
28
56
113
226
196
137
18
37
75
151
46
92
184
112
224
192
129
3
6
12
25
50
100
201
146
36
73
147
38
77
155
55
110
220
185
114
228
200
144
32
65
130
5
10
21
43
86
173
91
182
109
218
181
107
214
172
89
178
101
203
150
44
88
176
97
195
135
15
31
62
125
251
246
237
219
183
111
222
189
122
245
235
215
174
93
186
116
232
209
162
68
136
16
33
67
134
13
27
54
108
216
177
99
199
143
30
60
121
243
231
206
156
57
115
230
204
152
49
98
197
139
22
45
90
180
105
210
164
72
145
34
69
138
20
41
82
165
74
149
42
84
169
83
167
78
157
59
119
238
221
187
118
236
217
179
103
207
158
61
123
247
239
223
191
126
253
250
244
233
211
166
76
153
51
102
205
154
53
106
212
168
81
163
70
140
24
48
96
193
131
7
14
29
58
117
234
213
170
85
171
87
175
95
190
124
249
242
229
202
148
40
80
161
66
132
9
19
39
79
159
63
127
255
254
252
248
240
225
194
133
11
23
47
94
188
120
241
227
198
141
26
52
104
208
160
64
128
1
2
4
8
17
35
71
147
38
77
155
55
110
220
185
114
228
200
144
32
65
130
5
10
21
43
86
173
91
182
109
218
181
107
214
172
89
178
101
203
150
44
88
176
97
195
135
15
31
62
125
251
246
237
219
183
111
222
189
122
245
235
215
174
93
186
116
232
209
162
68
136
16
33
67
134
13
27
54
108
216
177
99
199
143
30
60
121
243
231
206
156
57
115
230
204
152
49
98
197
139
22
45
90
180
105
210
164
72
145
34
69
138
20
41
82
165
74
149
42
84
169
83
167
78
157
59
119
238
221
187
118
236
217
179
103
207
158
61
123
247
239
223
191
126
253
250
244
233
211
166
76
153
51
102
205
154
53
106
212
168
81
163
70
140
24
48
96
193
131
7
14
29
58
117
234
213
170
85
171
87
175
95
190
124
249
242
229
202
148
40
80
161
66
132
9
19
39
79
159
63
127
255
254
252
248
240
225
194
133
11
23
47
94
188
120
241
227
198
141
26
52
104
208
160
64
128
1
2
4
8
17
35
71
142
28
56
113
226
196
137
18
37
75
151
46
92
184
112
224
192
129
3
6
12
25
50
100
201
146
36
73
147
38
77
155
55
110
220
185
114
228
200
144
32
65
130
5
10
21
43
86
173
91
182
109
218
181
107
214
172
89
178
101
203
150
44
88
176
97
195
135
15
31
62
125
251
246
237
219
183
111
222
189
122
245
235
215
174
93
186
116
232
209
162
68
136
16
33
67
134
13
27
54
108
216
177
99
199
143
30
60
121
243
231
206
156
57
115
230
204
152
49
98
197
139
22
45
90
180
105
210
164
72
145
34
69
138
20
41
82
165
74
149
42
84
169
83
167
78
157
59
119
238
221
187
118
236
217
179
103
207
158
61
123
247
239
223
191
126
253
250
244
233
211
166
76
153
51
102
205
154
53
106
212
168
81
163
70
140
24
48
96
193
131
7
14
29
58
117
234
213
170
85
171
87
175
95
190
124
249
242
229
202
148
40
80
161
66
132
9
19
39
79
159
63
127
255
254
252
248
240
225
194
133
11
23
47
94
188
120
241
227
198
141
26
52
104
208
160
64
128
1
2
4
8
17
35
71
142
28
56
113
226
196
137
18
37
75
151
46
92
184
112
224
192
129
3
6
12
25
50
100
201
146
36
73
147
38
77
155
55
110
220
185
114
228
200
144
32
65
130
5
10
21
43
86
173
91
182
109
218
181
107
214
172
89
178
101
203
150
44
88
176
97
195
135
15
31
62
125
251
246
237
219
183
111
222
189
122
245
235
215
174
93
186
116
232
209
