19
-2110
20
-2206
21
-2302
22
-2398
23
-2494
24
-2590
25
-2686
26
-2782
27
-2878
28
-2974
29
-3070
30
-3166
31
-3262
32
-3358
33
-3454
34
-3550
35
-3646
36
-3742
37
-3838
38
-3934
39
-4030
40
-4126
41
-4222
42
-4318
43
-4414
44
-4510
45
-4606
46
-4702
47
-4798
48
-4894
49
-4990
50
-5086
51
-5182
52
-5278
53
-5374
54
-5470
55
-5566
56
-5662
57
-5758
58
-5854
59
-5950
60
-6046
61
-6142
62
-6238
63
-6334
64
-6430
65
-6526
66
-6622
67
-6718
68
-6814
69
-6910
70
-7006
71
-7102
72
-7198
73
-7294
74
-7390
75
-7486
76
-7582
77
-7678
78
-7774
79
-7870
80
-7966
81
-8062
82
-8158
83
-8254
84
-8350
85
-8446
86
-8542
87
-8638
88
-8734
89
-8830
90
-8926
91
-9022
92
-9118
93
-9214
94
-9310
95
-9406
96
-9502
97
-9598
98
-9694
99
-9790
100
-9886
101
-9982
102
-10078
103
-10174
104
-10270
105
-10366
106
-10462
107
-10558
108
-10654
109
-10750
110
-10846
111
-10942
112
-11038
113
-11134
114
-11230
115
-11326
116
-11422
117
-11518
118
-11614
119
-11710
120
-11806
121
-11902
122
-11998
123
-12094
124
-12190
125
-12286
126
-12382
127
-12478
128
-12574
129
-12670
130
-12766
131
-12862
132
-12958
133
-13054
134
-13150
135
-13246
136
-13342
137
-13438
138
-13534
139
-13630
140
-13726
141
-13822
142
-13918
143
-14014
144
-14110
145
-14206
146
-14302
147
-14398
148
-14494
149
-14590
150
-14686
151
-14782
152
-14878
153
-14974
154
-15070
155
-15166
156
-15262
157
-15358
158
-15454
159
-15550
160
-15646
161
-15742
162
-15838
163
-15934
164
-16030
165
-16126
166
-16222
167
-16318
168
-16414
169
-16510
170
-16606
171
-16702
172
-16798
173
-16894
174
-16990
175
-17086
176
-17182
177
-17278
178
-17374
179
-17470
180
-17566
181
-17662
182
-17758
183
-17854
184
-17950
185
-18046
186
-18142
187
-18238
188
-18334
189
-18430
190
-18526
191
-18622
192
-18718
193
-18814
194
-18910
195
-19006
196
-19102
197
-19198
198
-19294
199
-19390
200
-19486
201
-19582
202
-19678
203
-19774
204
-19870
205
-19966
206
-20062
207
-20158
208
-20254
209
-20350
210
-20446
211
-20542
212
-20638
213
-20734
214
-20830
215
-20926
216
-21022
217
-21118
218
-21214
219
-21310
220
-21406
221
-21502
222
-21598
223
-21694
224
-21790
225
-21886
226
-21982
227
-22078
228
-22174
229
-22270
230
-22366
231
-22462
232
-22558
233
-22654
234
-22750
235
-22846
236
-22942
237
-23038
238
-23134
239
-23230
240
-23326
241
-23422
242
-23518
243
-23614
244
-23710
245
-23806
246
-23902
247
-23998
248
-24094
249
-24190
250
-24286
251
-24382
1
-3896
2
6299
3
11474
4
11378
5
11282
6
11186
7
11090
8
10994
9
13659
10
-17059
11
-338
12
-434
13
-530
14
-626
15
-722
16
-818
17
7620
18
-20337
19
-2110
20
-2206
21
-2302
22
-2398
23
-2494
24
-2590
25
-2686
26
-2782
27
-2878
28
-2974
29
-3070
30
-3166
31
-3262
32
-3358
33
-3454
34
-3550
35
-3646
36
-3742
37
-3838
38
-3934
39
-4030
40
-4126
41
-4222
42
-4318
43
-4414
44
-4510
45
-4606
46
-4702
47
-4798
48
-4894
49
-4990
50
-5086
51
-5182
52
-5278
53
-5374
54
-5470
55
-5566
56
-5662
57
-5758
58
-5854
59
-5950
60
-6046
61
-6142
62
-6238
63
-6334
64
-6430
65
-6526
66
-6622
67
-6718
68
-6814
69
-6910
70
-7006
71
-7102
72
-7198
73
-7294
74
-7390
75
-7486
76
-7582
77
-7678
78
-7774
79
-7870
80
-7966
81
-8062
82
-8158
83
-8254
84
-8350
85
-8446
86
-8542
87
-8638
88
-8734
89
-8830
90
-8926
91
-9022
92
-9118
93
-9214
94
-9310
95
-9406
96
-9502
97
-9598
98
-9694
99
-9790
100
-9886
101
-9982
102
-10078
103
-10174
104
-10270
105
-10366
106
-10462
107
-10558
108
-10654
109
-10750
110
-10846
111
-10942
112
-11038
113
-11134
114
-11230
115
-11326
116
-11422
117
-11518
118
-11614
119
-11710
120
-11806
121
-11902
122
-11998
123
-12094
124
-12190
125
-12286
126
-12382
127
-12478
128
-12574
129
-12670
130
-12766
131
-12862
132
-12958
133
-13054
134
-13150
135
-13246
136
-13342
137
-13438
138
-13534
139
-13630
140
-13726
141
-13822
142
-13918
143
-14014
144
-14110
145
-14206
146
-14302
147
-14398
148
-14494
149
-14590
150
-14686
151
-14782
152
-14878
153
-14974
154
-15070
155
-15166
156
-15262
157
-15358
158
-15454
159
-15550
160
-15646
161
-15742
162
-15838
163
-15934
164
-16030
165
-16126
166
-16222
167
-16318
168
-16414
169
-16510
170
-16606
171
-16702
172
-16798
173
-16894
174
-16990
175
-17086
176
-17182
177
-17278
178
-17374
179
-17470
180
-17566
181
-17662
182
-17758
183
-17854
184
-17950
185
-18046
186
-18142
187
-18238
188
-18334
189
-18430
190
-18526
191
-18622
192
-18718
193
-18814
194
-18910
195
-19006
196
-19102
197
-19198
198
-19294
199
-19390
200
-19486
201
-19582
202
-19678
203
-19774
204
-19870
205
-19966
206
-20062
207
-20158
208
-20254
209
-20350
210
-20446
211
-20542
212
-20638
213
-20734
214
-20830
215
-20926
216
-21022
217
-21118
218
-21214
219
-21310
220
-21406
221
-21502
222
-21598
223
-21694
224
-21790
225
-21886
226
-21982
227
-22078
228
-22174
229
-22270
230
-22366
231
-22462
232
-22558
233
-22654
234
-22750
235
-22846
236
-22942
237
-23038
238
-23134
239
-23230
240
-23326
241
-23422
242
-23518
243
-23614
244
-23710
245
-23806
246
-23902
247
-23998
248
-24094
249
-24190
250
-24286
251
-24382
1
-3896
2
6299
3
11474
4
11378
5
11282
6
11186
7
11090
8
10994
9
13659
10
-17059
11
-338
12
-434
13
-530
14
-626
15
-722
16
-818
17
7620
18
-20337
19
-2110
20
-2206
21
-2302
22
-2398
23
-2494
24
-2590
25
-2686
26
-2782
27
-2878
28
-2974
29
-3070
30
-3166
31
-3262
32
-3358
33
-3454
34
-3550
35
-3646
36
-3742
37
-3838
38
-3934
39
-4030
40
-4126
41
-4222
42
-4318
43
-4414
44
-4510
45
-4606
46
-4702
47
-4798
48
-4894
49
-4990
50
-5086
51
-5182
52
-5278
53
-5374
54
-5470
55
-5566
56
-5662
57
-5758
58
-5854
59
-5950
60
-6046
61
-6142
62
-6238
63
-6334
64
-6430
65
-6526
66
-6622
67
-6718
68
-6814
69
-6910
70
-7006
71
-7102
72
-7198
73
-7294
74
-7390
75
-7486
76
-7582
77
-7678
78
-7774
79
-7870
80
-7966
81
-8062
82
-8158
83
-8254
84
-8350
85
-8446
86
-8542
87
-8638
88
-8734
89
-8830
90
-8926
91
-9022
92
-9118
93
-9214
94
-9310
95
-9406
96
-9502
97
-9598
98
-9694
99
-9790
100
-9886
101
-9982
102
-10078
103
-10174
104
-10270
105
-10366
106
-10462
107
-10558
108
-10654
109
-10750
110
-10846
111
-10942
112
-11038
113
-11134
114
-11230
115
-11326
116
-11422
117
-11518
118
-11614
119
-11710
120
-11806
121
-11902
122
-11998
123
-12094
124
-12190
125
-12286
126
-12382
127
-12478
128
-12574
129
-12670
130
-12766
131
-12862
132
-12958
133
-13054
134
-13150
135
-13246
136
-13342
137
-13438
138
-13534
139
-13630
140
-13726
141
-13822
142
-13918
143
-14014
144
-14110
145
-14206
146
-14302
147
-14398
148
-14494
149
-14590
150
-14686
151
-14782
152
-14878
153
-14974
154
-15070
155
-15166
156
-15262
157
-15358
158
-15454
159
-15550
160
-15646
161
-15742
162
-15838
163
-15934
164
-16030
165
-16126
166
-16222
167
-16318
168
-16414
169
-16510
170
-16606
171
-16702
172
-16798
173
-16894
174
-16990
175
-17086
176
-17182
177
-17278
178
-17374
179
-17470
180
-17566
181
-17662
182
-17758
183
-17854
184
-17950
185
-18046
186
-18142
187
-18238
188
-18334
189
-18430
190
-18526
191
-18622
192
-18718
193
-18814
194
-18910
195
-19006
196
-19102
197
-19198
198
-19294
199
-19390
200
-19486
201
-19582
202
-19678
203
-19774
204
-19870
205
-19966
206
-20062
207
-20158
208
-20254
209
-20350
210
-20446
211
-20542
212
-20638
213
-20734
214
-20830
215
-20926
216
-21022
217
-21118
218
-21214
219
-21310
220
-21406
221
-21502
222
-21598
223
-21694
224
-21790
225
-21886
226
-21982
227
-22078
228
-22174
229
-22270
230
-22366
231
-22462
232
-22558
233
-22654
234
-22750
235
-22846
236
-22942
237
-23038
238
-23134
239
-23230
240
-23326
241
-23422
242
-23518
243
-23614
244
-23710
245
-23806
246
-23902
247
-23998
248
-24094
249
-24190
250
-24286
251
-24382
1
-3896
2
6299
3
11474
4
11378
5
11282
6
11186
7
11090
8
10994
9
13659
10
-17059
11
-338
12
-434
13
-530
14
-626
15
-722
16
-818
17
7620
18
-20337
19
-2110
20
-2206
21
-2302
22
-2398
23
-2494
24
-2590
25
-2686
26
-2782
27
-2878
28
-2974
29
-3070
30
-3166
31
-3262
32
-3358
33
-3454
34
-3550
35
-3646
36
-3742
37
-3838
38
-3934
39
-4030
40
-4126
41
-4222
42
-4318
43
-4414
44
-4510
45
-4606
46
-4702
47
-4798
48
-4894
49
-4990
50
-5086
51
-5182
52
-5278
53
-5374
54
-5470
55
-5566
56
-5662
57
-5758
58
-5854
59
-5950
60
-6046
61
-6142
62
-6238
63
-6334
64
-6430
65
-6526
66
-6622
67
-6718
68
-6814
69
-6910
70
-7006
71
-7102
72
-7198
73
-7294
74
-7390
75
-7486
76
-7582
77
-7678
78
-7774
79
-7870
80
-7966
81
-8062
82
-8158
83
-8254
84
-8350
85
-8446
86
-8542
87
-8638
88
-8734
89
-8830
90
-8926
91
-9022
92
-9118
93
-9214
94
-9310
95
-9406
96
-9502
97
-9598
98
-9694
99
-9790
100
-9886
101
-9982
102
-10078
103
-10174
104
-10270
105
-10366
106
-10462
107
-10558
108
-10654
109
-10750
110
-10846
111
-10942
112
-11038
113
-11134
114
-11230
115
-11326
116
-11422
117
-11518
118
-11614
119
-11710
120
-11806
121
-11902
122
-11998
123
-12094
124
-12190
125
-12286
126
-12382
127
-12478
128
-12574
129
-12670
130
-12766
131
-12862
132
-12958
133
-13054
134
-13150
135
-13246
136
-13342
137
-13438
138
-13534
139
-13630
140
-13726
141
-13822
142
-13918
143
-14014
144
-14110
145
-14206
146
-14302
147
-14398
148
-14494
149
-14590
150
-14686
151
-14782
152
-14878
153
-14974
154
-15070
155
-15166
156
-15262
157
-15358
158
-15454
159
-15550
160
-15646
161
-15742
162
-15838
163
-15934
164
-16030
165
-16126
166
-16222
167
-16318
168
-16414
169
-16510
170
-16606
171
-16702
172
-16798
173
-16894
174
-16990
175
-17086
176
-17182
177
-17278
178
-17374
179
-17470
180
-17566
181
-17662
182
-17758
183
-17854
184
-17950
185
-18046
186
-18142
187
-18238
188
-18334
189
-18430
190
-18526
191
-18622
192
-18718
193
-18814
194
-18910
195
-19006
196
-19102
197
-19198
198
-19294
199
-19390
200
-19486
201
-19582
202
-19678
203
-19774
204
-19870
205
-19966
206
-20062
207
-20158
208
-20254
209
-20350
210
-20446
211
-20542
212
-20638
213
-20734
214
-20830
215
-20926
216
-21022
217
-21118
218
-21214
219
-21310
220
-21406
221
-21502
222
-21598
223
-21694
224
-21790
225
-21886
226
-21982
227
-22078
228
-22174
229
-22270
230
-22366
231
-22462
232
-22558
233
-22654
234
-22750
235
-22846
236
-22942
237
-23038
238
-23134
239
-23230
240
-23326
241
-23422
242
-23518
243
-23614
244
-23710
245
-23806
246
-23902
247
-23998
248
-24094
249
-24190
250
-24286
251
-24382
1
-3896
2
6299
3
11474
4
11378
5
11282
6
11186
7
11090
8
10994
9
13659
10
-17059
11
-338
12
-434
13
-530
14
-626
15
-722
16
-818
17
7620
18
-20337
19
-2110
20
-2206
21
-2302
22
-2398
23
-2494
24
-2590
25
-2686
26
-2782
27
-2878
28
-2974
29
-3070
30
-3166
31
-3262
32
-3358
33
-3454
34
-3550
35
-3646
36
-3742
37
-3838
38
-3934
39
-4030
40
-4126
41
-4222
42
-4318
43
-4414
44
-4510
45
-4606
46
-4702
47
-4798
48
-4894
49
-4990
50
-5086
51
-5182
52
-5278
53
-5374
54
-5470
55
-5566
56
-5662
57
-5758
58
-5854
59
-5950
60
-6046
61
-6142
62
-6238
63
-6334
64
-6430
65
-6526
66
-6622
67
-6718
68
-6814
69
-6910
70
-7006
71
-7102
72
-7198
73
-7294
74
-7390
75
-7486
76
-7582
77
-7678
78
-7774
79
-7870
80
-7966
81
-8062
82
-8158
83
-8254
84
-8350
85
-8446
86
-8542
99
-7781
199
-28195
143
-70
30
-19436
60
-6911
121
-18323
243
-9377
231
-23551
206
-25216
156
-27587
57
10217
115
-20517
230
-31141
204
-24243
152
-16887
49
14538
98
-3089
197
-21960
139
-6930
22
-16077
45
-8979
90
8780
180
-10800
105
-3257
210
-29691
164
-17058
72
-759
145
-23740
34
-16585
69
3128
138
-8188
20
6342
41
-17629
82
8559
165
-2620
74
-18054
149
-15460
42
-17104
84
-6532
169
3649
83
-31381
167
-7817
78
-9118
157
-14667
59
-6896
119
-11873
238
-30932
221
-15203
187
-24564
118
-24715
236
-13663
217
-23535
179
-24149
103
-15263
207
-26080
158
-4462
61
2937
123
-17998
247
-17481
239
-22680
223
-14852
191
-32616
126
-23740
253
-3091
250
-27984
244
-39456
233
-34735
211
-2511
166
-16227
76
-7851
153
-20845
51
-2173
102
6359
205
-20143
154
-11918
53
5104
106
-4878
212
-16752
168
-27589
81
-13528
163
-14981
70
-6367
140
-379
24
-3831
48
-12110
96
-2856
193
-12740
131
-5569
7
-22141
14
10132
29
3053
58
6214
117
-28524
234
-21322
213
-13062
170
-11496
85
-24254
171
-19354
87
-23899
175
-9932
95
-22134
190
-15024
124
-997
249
-11093
242
-26909
229
-46092
202
-16768
148
-27770
40
1229
80
-12736
161
8320
66
-13253
132
2928
9
-6003
19
14621
39
-5269
79
5450
159
-31702
63
1904
127
-11352
255
-21268
254
-21468
252
-43503
248
-34043
240
-32202
225
-37306
194
-16275
133
-18162
11
-10876
23
24205
47
-3180
94
1006
188
-9269
120
-8817
241
-9654
227
-32817
198
-26669
141
-21871
26
-9508
52
-4134
104
-3983
208
-6208
160
-23580
64
3276
128
-6884
1
-8548
2
909
4
-6936
8
3207
17
15036
35
4315
71
7539
142
-18738
28
2321
56
-16885
113
-21192
226
-23737
196
-26514
137
-12807
18
-8459
37
-10822
75
13716
151
-32249
46
-7812
92
-5027
184
-1963
112
-11284
224
-23210
192
-34172
129
-11044
3
-13719
6
9897
12
-6039
25
13623
50
10275
100
-11616
201
-13181
146
-15073
36
-9828
73
-9149
147
-24449
38
-9291
77
637
155
-21956
55
4317
110
2260
220
-19555
185
-41981
114
-16637
228
-14586
200
-34003
144
-19328
32
1034
65
-4504
130
-6373
5
1186
10
3298
21
6464
43
4250
86
-1213
173
-5085
91
-31770
182
-17217
109
3239
218
-33778
181
-34018
107
-9168
214
-22183
172
-19121
89
-13671
178
-23889
101
6974
203
-35094
150
-5411
44
-7583
88
-13281
176
-1392
97
-1520
195
-35003
135
3393
15
-21296
31
20444
62
-1916
125
-27705
251
-11062
246
-18135
237
-45623
219
-7208
183
-34407
111
-18700
222
-24168
189
-31877
122
-13508
245
294
235
-30000
215
-12413
174
-18952
93
-22087
186
-23642
116
-1154
232
-20029
209
-19188
162
-6669
68
-5814
136
-7985
16
-1964
33
-17162
67
18115
134
-14665
13
1681
27
12910
54
95
108
-14897
216
-10957
177
-41864
99
-7781
199
-28195
143
-70
30
-19436
60
-6911
121
-18323
243
-9377
231
-23551
206
-25216
156
-27587
57
10217
115
-20517
230
-31141
204
-24243
152
-16887
49
14538
98
-3089
197
-21960
139
-6930
22
-16077
45
-8979
90
8780
180
-10800
105
-3257
210
-29691
164
-17058
72
-759
145
-23740
34
-16585
69
3128
138
-8188
20
6342
41
-17629
82
8559
165
-2620
74
-18054
149
-15460
42
-17104
84
-6532
169
3649
83
-31381
167
-7817
78
-9118
157
-14667
59
-6896
119
-11873
238
-30932
221
-15203
187
-24564
118
-24715
236
-13663
217
-23535
179
-24149
103
-15263
207
-26080
158
-4462
61
2937
123
-17998
247
-17481
239
-22680
223
-14852
191
-32616
126
-23740
253
-3091
250
-27984
244
-39456
233
-34735
211
-2511
166
-16227
76
-7851
153
-20845
51
-2173
102
6359
205
-20143
154
-11918
53
5104
106
-4878
212
-16752
168
-27589
81
-13528
163
-14981
70
-6367
140
-379
24
-3831
48
-12110
96
-2856
193
-12740
131
-5569
7
-22141
14
10132
29
3053
58
6214
117
-28524
234
-21322
213
-13062
170
-11496
85
-24254
171
-19354
87
-23899
175
-9932
95
-22134
190
-15024
124
-997
249
-11093
242
-26909
229
-46092
202
-16768
148
-27770
40
1229
80
-12736
161
8320
66
-13253
132
2928
9
-6003
19
14621
39
-5269
79
5450
159
-31702
63
1904
127
-11352
255
-21268
254
-21468
252
-43503
248
-34043
240
-32202
225
-37306
194
-16275
133
-18162
11
-10876
23
24205
47
-3180
94
1006
188
-9269
120
-8817
241
-9654
227
-32817
198
-26669
141
-21871
26
-9508
52
-4134
104
-3983
208
-6208
160
-23580
64
3276
128
-6884
1
-8548
2
909
4
-6936
8
3207
17
15036
35
4315
71
7539
142
-18738
28
2321
56
-16885
113
-21192
226
-23737
196
-26514
137
-12807
18
-8459
37
-10822
75
13716
151
-32249
46
-7812
92
-5027
184
-1963
112
-11284
224
-23210
192
-34172
129
-11044
3
-13719
6
9897
12
-6039
25
13623
50
10275
100
-11616
201
-13181
146
-15073
36
-9828
73
-9149
147
-24449
38
-9291
77
637
155
-21956
55
4317
110
2260
220
-19555
185
-41981
114
-16637
228
-14586
200
-34003
144
-19328
32
1034
65
-4504
130
-6373
5
1186
10
3298
21
6464
43
4250
86
-1213
173
-5085
91
-31770
182
-17217
109
3239
218
-33778
181
-34018
107
-9168
214
-22183
172
-19121
89
-13671
178
-23889
101
6974
203
-35094
150
-5411
44
-7583
88
-13281
176
-1392
97
-1520
195
-35003
135
3393
15
-21296
31
20444
62
-1916
125
-27705
251
-11062
246
-18135
237
-45623
219
-7208
183
-34407
111
-18700
222
-24168
189
-31877
122
-13508
245
294
235
-30000
215
-12413
174
-18952
93
-22087
186
-23642
116
-1154
232
-20029
209
-19188
162
-6669
68
-5814
136
-7985
16
-1964
33
-17162
67
18115
134
-14665
13
1681
27
12910
54
95
108
-14897
216
-10957
177
-41864
99
-7781
199
-28195
143
-70
30
-19436
60
-6911
121
-18323
243
-9377
231
-23551
206
-25216
156
-27587
57
10217
115
-20517
230
-31141
204
-24243
152
-16887
49
14538
98
-3089
197
-21960
139
-6930
22
-16077
45
-8979
90
8780
180
-10800
105
-3257
210
-29691
164
-17058
72
-759
145
-23740
34
-16585
69
3128
138
-8188
20
6342
41
-17629
82
8559
165
-2620
74
-18054
149
-15460
42
-17104
84
-6532
169
3649
83
-31381
167
-7817
78
-9118
157
-14667
59
-6896
119
-11873
238
-30932
221
-15203
187
-24564
118
-24715
236
-13663
217
-23535
179
-24149
103
-15263
207
-26080
158
-4462
61
2937
123
-17998
247
-17481
239
-22680
223
-14852
191
-32616
29
3053
58
6214
117
-28524
234
-21322
213
-13062
170
-11496
85
-24254
171
-19354
87
-23899
175
-9932
95
-22134
190
-15024
124
-997
249
-11093
242
-26909
229
-46092
202
-16768
148
-27770
40
1229
80
-12736
161
8320
66
-13253
132
2928
9
-6003
19
14621
39
-5269
79
5450
159
-31702
63
1904
127
-11352
255
-21268
254
-21468
252
-43503
248
-34043
240
-32202
225
-37306
194
-16275
133
-18162
11
-10876
23
24205
47
-3180
94
1006
188
-9269
120
-8817
241
-9654
227
-32817
198
-26669
141
-21871
26
-9508
52
-4134
104
-3983
208
-6208
160
-23580
64
3276
128
-6884
1
-8548
2
909
4
-6936
8
3207
17
15036
35
4315
71
7539
142
-18738
28
2321
56
-16885
113
-21192
226
-23737
196
-26514
137
-12807
18
-8459
37
-10822
75
13716
151
-32249
46
-7812
92
-5027
184
-1963
112
-11284
224
-23210
192
-34172
129
-11044
3
-13719
6
9897
12
-6039
25
13623
50
10275
100
-11616
201
-13181
146
-15073
36
-9828
73
-9149
147
-24449
38
-9291
77
637
155
-21956
55
4317
110
2260
220
-19555
185
-41981
114
-16637
228
-14586
200
-34003
144
-19328
32
1034
65
-4504
130
-6373
5
1186
10
3298
21
6464
43
4250
86
-1213
173
-5085
91
-31770
182
-17217
109
3239
218
-33778
181
-34018
107
-9168
214
-22183
172
-19121
89
-13671
178
-23889
101
6974
203
-35094
150
-5411
44
-7583
88
-13281
176
-1392
97
-1520
195
-35003
135
3393
15
-21296
31
20444
62
-1916
125
-27705
251
-11062
246
-18135
237
-45623
219
-7208
183
-34407
111
-18700
222
-24168
189
-31877
122
-13508
245
294
235
-30000
215
-12413
174
-18952
93
-22087
186
-23642
116
-1154
232
-20029
209
-19188
162
-6669
68
-5814
136
-7985
16
-1964
33
-17162
67
18115
134
-14665
13
1681
27
12910
54
95
108
-14897
216
-10957
177
-41864
99
-7781
199
-28195
143
-70
30
-19436
60
-6911
121
-18323
243
-9377
231
-23551
206
-25216
156
-27587
57
10217
115
-20517
230
-31141
204
-24243
152
-16887
49
14538
98
-3089
197
-21960
139
-6930
22
-16077
45
-8979
90
8780
180
-10800
105
-3257
210
-29691
164
-17058
72
-759
145
-23740
34
-16585
69
3128
138
-8188
20
6342
41
-17629
82
8559
165
-2620
74
-18054
149
-15460
42
-17104
84
-6532
169
3649
83
-31381
167
-7817
78
-9118
157
-14667
59
-6896
119
-11873
238
-30932
221
-15203
187
-24564
118
-24715
236
-13663
217
-23535
179
-24149
103
-15263
207
-26080
158
-4462
61
2937
123
-17998
247
-17481
239
-22680
223
-14852
191
-32616
126
-23740
253
-3091
250
-27984
244
-39456
233
-34735
211
-2511
166
-16227
76
-7851
153
-20845
51
-2173
102
6359
205
-20143
154
-11918
53
5104
106
-4878
212
-16752
168
-27589
81
-13528
163
-14981
70
-6367
140
-379
24
-3831
48
-12110
96
-2856
193
-12740
131
-5569
7
-22141
14
10132
29
3053
58
6214
117
-28524
234
-21322
213
-13062
170
-11496
85
-24254
171
-19354
87
-23899
175
-9932
95
-22134
190
-15024
124
-997
249
-11093
242
-26909
229
-46092
202
-16768
148
-27770
40
1229
80
-12736
161
8320
66
-13253
132
2928
9
-6003
19
14621
39
-5269
79
5450
159
-31702
63
1904
127
-11352
255
-21268
254
-21468
252
-43503
248
-34043
240
-32202
225
-37306
194
-16275
133
-18162
11
-10876
23
24205
47
-3180
94
1006
188
-9269
120
-8817
241
-9654
227
-32817
198
-26669
141
-21871
26
-9508
52
-4134
104
-3983
208
-6208
160
-23580
64
3276
128
-6884
1
-8548
2
909
4
-6936
8
3207
17
15036
35
4315
71
7539
142
-18738
28
2321
56
-16885
113
-21192
226
-23737
196
-26514
137
-12807
18
-8459
37
-10822
75
13716
151
-32249
46
-7812
92
-5027
184
-1963
112
-11284
224
-23210
192
-34172
129
-11044
3
-13719
6
9897
12
-6039
25
13623
50
10275
100
-11616
201
-13181
146
-15073
36
-9828
73
-9149
147
-24449
38
-9291
77
637
155
-21956
55
4317
110
2260
220
-19555
185
-41981
114
-16637
228
-14586
200
-34003
144
-19328
32
1034
65
-4504
130
-6373
5
1186
10
3298
21
6464
43
4250
86
-1213
173
-5085
91
-31770
182
-17217
109
3239
218
-33778
181
-34018
107
-9168
214
-22183
172
-19121
89
-13671
178
-23889
101
6974
203
-35094
150
-5411
44
-7583
88
-13281
176
-1392
97
-1520
195
-35003
135
3393
15
-21296
31
20444
62
-1916
125
-27705
251
-11062
246
-18135
237
-45623
219
-7208
183
-34407
111
-18700
222
-24168
189
-31877
122
-13508
245
294
235
-30000
215
-12413
174
-18952
93
-22087
186
-23642
116
-1154
232
-20029
209
-19188
162
-6669
68
-5814
136
-7985
16
-1964
33
-17162
67
18115
134
-14665
13
1681
27
12910
54
95
108
-14897
216
-10957
177
-41864
99
-7781
199
-28195
143
-70
30
-19436
60
-6911
121
-18323
243
-9377
231
-23551
206
-25216
156
-27587
57
10217
115
-20517
230
-31141
204
-24243
152
-16887
49
14538
98
-3089
197
-21960
139
-6930
22
-16077
45
-8979
90
8780
180
-10800
105
-3257
210
-29691
164
-17058
72
-759
145
-23740
34
-16585
69
3128
138
-8188
20
6342
41
-17629
82
8559
165
-2620
74
-18054
149
-15460
42
-17104
84
-6532
169
3649
83
-31381
167
-7817
78
-9118
157
-14667
59
-6896
119
-11873
238
-30932
221
-15203
187
-24564
118
-24715
236
-13663
217
-23535
179
-24149
103
-15263
207
-26080
158
-4462
61
2937
123
-17998
247
-17481
239
-22680
223
-14852
191
-32616
126
-23740
253
-3091
250
-27984
244
-39456
233
-34735
211
-2511
166
-16227
76
-7851
153
-20845
51
-2173
102
6359
205
-20143
154
-11918
53
5104
106
-4878
212
-16752
168
-27589
81
-13528
163
-14981
70
-6367
140
-379
24
-3831
48
-12110
96
-2856
193
-12740
131
-5569
7
-22141
14
10132
29
3053
58
6214
117
-28524
234
-21322
213
-13062
170
-11496
85
-24254
171
-19354
87
-23899
175
-9932
95
-22134
190
-15024
124
-997
249
-11093
242
-26909
229
-46092
202
-16768
148
-27770
40
1229
80
-12736
161
8320
66
-13253
132
2928
9
-6003
19
14621
39
-5269
79
5450
159
-31702
63
1904
127
-11352
255
-21268
254
-21468
252
-43503
248
-34043
240
-32202
225
-37306
194
-16275
133
-18162
11
-10876
23
24205
47
-3180
94
1006
188
-9269
120
-8817
241
-9654
227
-32817
198
-26669
141
-21871
26
-9508
52
-4134
104
-3983
208
-6208
160
-23580
64
3276
128
-6884
1
-8548
2
909
4
-6936
8
3207
17
15036
35
4315
71
7539
147
-24449
38
-9291
77
637
155
-21956
55
4317
110
2260
220
-19555
185
-41981
114
-16637
228
-14586
200
-34003
144
-19328
32
1034
65
-4504
130
-6373
5
1186
10
3298
21
6464
43
4250
86
-1213
173
-5085
91
-31770
182
-17217
109
3239
218
-33778
181
-34018
107
-9168
214
-22183
172
-19121
89
-13671
178
-23889
101
6974
203
-35094
150
-5411
44
-7583
88
-13281
176
-1392
97
-1520
195
-35003
135
3393
15
-21296
31
20444
62
-1916
125
-27705
251
-11062
246
-18135
237
-45623
219
-7208
183
-34407
111
-18700
222
-24168
189
-31877
122
-13508
245
294
235
-30000
215
-12413
174
-18952
93
-22087
186
-23642
116
-1154
232
-20029
209
-19188
162
-6669
68
-5814
136
-7985
16
-1964
33
-17162
67
18115
134
-14665
13
1681
27
12910
54
95
108
-14897
216
-10957
177
-41864
99
-7781
199
-28195
143
-70
30
-19436
60
-6911
121
-18323
243
-9377
231
-23551
206
-25216
156
-27587
57
10217
115
-20517
230
-31141
204
-24243
152
-16887
49
14538
98
-3089
197
-21960
139
-6930
22
-16077
45
-8979
90
8780
180
-10800
105
-3257
210
-29691
164
-17058
72
-759
145
-23740
34
-16585
69
3128
138
-8188
20
6342
41
-17629
82
8559
165
-2620
74
-18054
149
-15460
42
-17104
84
-6532
169
3649
83
-31381
167
-7817
78
-9118
157
-14667
59
-6896
119
-11873
238
-30932
221
-15203
187
-24564
118
-24715
236
-13663
217
-23535
179
-24149
103
-15263
207
-26080
158
-4462
61
2937
123
-17998
247
-17481
239
-22680
223
-14852
191
-32616
126
-23740
253
-3091
250
-27984
244
-39456
233
-34735
211
-2511
166
-16227
76
-7851
153
-20845
51
-2173
102
6359
205
-20143
154
-11918
53
5104
106
-4878
212
-16752
168
-27589
81
-13528
163
-14981
70
-6367
140
-379
24
-3831
48
-12110
96
-2856
193
-12740
131
-5569
7
-22141
14
10132
29
3053
58
6214
117
-28524
234
-21322
213
-13062
170
-11496
85
-24254
171
-19354
87
-23899
175
-9932
95
-22134
190
-15024
124
-997
249
-11093
242
-26909
229
-46092
202
-16768
148
-27770
40
1229
80
-12736
161
8320
66
-13253
132
2928
9
-6003
19
14621
39
-5269
79
5450
159
-31702
63
1904
127
-11352
255
-21268
254
-21468
252
-43503
248
-34043
240
-32202
225
-37306
194
-16275
133
-18162
11
-10876
23
24205
47
-3180
94
1006
188
-9269
120
-8817
241
-9654
227
-32817
198
-26669
141
-21871
26
-9508
52
-4134
104
-3983
208
-6208
160
-23580
64
3276
128
-6884
1
-8548
2
909
4
-6936
8
3207
17
15036
35
4315
71
7539
142
-18738
28
2321
56
-16885
113
-21192
226
-23737
196
-26514
137
-12807
18
-8459
37
-10822
75
13716
151
-32249
46
-7812
92
-5027
184
-1963
112
-11284
224
-23210
192
-34172
129
-11044
3
-13719
6
9897
12
-6039
25
13623
50
10275
100
-11616
201
-13181
146
-15073
36
-9828
73
-9149
147
-24449
38
-9291
77
637
155
-21956
55
4317
110
2260
220
-19555
185
-41981
114
-16637
228
-14586
200
-34003
144
-19328
32
1034
65
-4504
130
-6373
5
1186
10
3298
21
6464
43
4250
86
-1213
173
-5085
91
-31770
182
-17217
109
3239
218
-33778
181
-34018
107
-9168
214
-22183
172
-19121
89
-13671
178
-23889
101
6974
203
-35094
150
-5411
44
-7583
88
-13281
176
-1392
97
-1520
195
-35003
135
3393
15
-21296
31
20444
62
-1916
125
-27705
251
-11062
246
-18135
237
-45623
219
-7208
183
-34407
111
-18700
222
-24168
189
-31877
122
-13508
245
294
235
-30000
215
-12413
174
-18952
93
-22087
186
-23642
116
-1154
232
-20029
209
-19188
162
-6669
68
-5814
136
-7985
16
-1964
33
-17162
67
18115
134
-14665
13
1681
27
12910
54
95
108
-14897
216
-10957
177
-41864
99
-7781
199
-28195
143
-70
30
-19436
60
-6911
121
-18323
243
-9377
231
-23551
206
-25216
156
-27587
57
10217
115
-20517
230
-31141
204
-24243
152
-16887
49
14538
98
-3089
197
-21960
139
-6930
22
-16077
45
-8979
90
8780
180
-10800
105
-3257
210
-29691
164
-17058
72
-759
145
-23740
34
-16585
69
3128
138
-8188
20
6342
41
-17629
82
8559
165
-2620
74
-18054
149
-15460
42
-17104
84
-6532
169
3649
83
-31381
167
-7817
78
-9118
157
-14667
59
-6896
119
-11873
238
-30932
221
-15203
187
-24564
118
-24715
236
-13663
217
-23535
179
-24149
103
-15263
207
-26080
158
-4462
61
2937
123
-17998
247
-17481
239
-22680
223
-14852
191
-32616
126
-23740
253
-3091
250
-27984
244
-39456
233
-34735
211
-2511
166
-16227
76
-7851
153
-20845
51
-2173
102
6359
205
-20143
154
-11918
53
5104
106
-4878
212
-16752
168
-27589
81
-13528
163
-14981
70
-6367
140
-379
24
-3831
48
-12110
96
-2856
193
-12740
131
-5569
7
-22141
14
10132
29
3053
58
6214
117
-28524
234
-21322
213
-13062
170
-11496
85
-24254
171
-19354
87
-23899
175
-9932
95
-22134
190
-15024
124
-997
249
-11093
242
-26909
229
-46092
202
-16768
148
-27770
40
1229
80
-12736
161
8320
66
-13253
132
2928
9
-6003
19
14621
39
-5269
79
5450
159
-31702
63
1904
127
-11352
255
-21268
254
-21468
252
-43503
248
-34043
240
-32202
225
-37306
194
-16275
133
-18162
11
-10876
23
24205
47
-3180
94
1006
188
-9269
120
-8817
241
-9654
227
-32817
198
-26669
141
-21871
26
-9508
52
-4134
104
-3983
208
-6208
160
-23580
64
3276
128
-6884
1
-8548
2
909
4
-6936
8
3207
17
15036
35
4315
71
7539
142
-18738
28
2321
56
-16885
113
-21192
226
-23737
196
-26514
137
-12807
18
-8459
37
-10822
75
13716
151
-32249
46
-7812
92
-5027
184
-1963
112
-11284
224
-23210
192
-34172
129
-11044
3
-13719
6
9897
12
-6039
25
13623
50
10275
100
-11616
201
-13181
146
-15073
36
-9828
73
-9149
147
-24449
38
-9291
77
637
155
-21956
55
4317
110
2260
220
-19555
185
-41981
114
-16637
228
-14586
200
-34003
144
-19328
32
1034
65
-4504
130
-6373
5
1186
10
3298
21
6464
43
4250
86
-1213
173
-5085
91
-31770
182
-17217
109
3239
218
-33778
181
-34018
107
-9168
214
-22183
172
-19121
89
-13671
178
-23889
101
6974
203
-35094
150
-5411
44
-7583
88
-13281
176
-1392
97
-1520
195
-35003
135
3393
15
-21296
31
20444
62
-1916
125
-27705
251
-11062
246
-18135
237
-45623
219
-7208
183
-34407
111
-18700
222
-24168
189
-31877
122
-13508
245
294
235
-30000
215
-12413
174
-18952
93
-22087
186
-23642
116
-1154
232
-20029
209
-19188
