131
-15701
16055
132
-15870
16305
133
-15966
16428
134
-16062
16551
135
-16158
16674
136
-16254
16797
137
-16350
16920
138
-16446
17043
139
-16542
17166
140
-16638
17289
141
-16734
17412
142
-16830
17535
143
-16926
17658
144
-17022
17781
145
-17118
17904
146
-17214
18027
147
-17310
18150
148
-17406
18273
149
-17502
18396
150
-17598
18519
151
-17694
18642
152
-17790
18765
153
-17886
18888
154
-17982
19011
155
-18078
19134
156
-18174
19257
157
-18270
19380
158
-18366
19503
159
-18462
19626
160
-18558
19749
161
-18654
19872
162
-18750
19995
163
-18846
20118
164
-18942
20241
165
-19038
20364
166
-19134
20487
167
-19230
20610
168
-19326
20733
169
-19422
20856
170
-19518
20979
171
-19614
21102
172
-19710
21225
173
-19806
21348
174
-19902
21471
175
-19998
21594
176
-20094
21717
177
-20190
21840
178
-20286
21963
179
-20382
22086
180
-20478
22209
181
-20574
22332
182
-20670
22455
183
-20766
22578
184
-20862
22701
185
-20958
22824
186
-21054
22947
187
-21150
23070
188
-21246
23193
189
-21342
23316
190
-21438
23439
191
-21534
23562
192
-21630
23685
193
-21726
23808
194
-21822
23931
195
-21918
24054
196
-22014
24177
197
-22110
24300
198
-22206
24423
199
-22302
24546
200
-22398
24669
201
-22494
24792
202
-22590
24915
203
-22686
25038
204
-22782
25161
205
-22878
25284
206
-22974
25407
207
-23070
25530
208
-23166
25653
209
-23262
25776
210
-23358
25899
211
-23454
26022
212
-23550
26145
213
-23646
26268
214
-23742
26391
215
-23838
26514
216
-23934
26637
217
-24030
26760
218
-24126
26883
219
-24222
27006
220
-24318
27129
221
-24414
27252
222
-24510
27375
223
-24606
27498
224
-24702
27621
225
-24798
27744
226
-24894
27867
227
-24990
27990
228
-25086
28113
229
-25182
28236
230
-25278
28359
231
-25374
28482
232
-25470
28605
233
-25566
28728
234
-25662
28851
235
-25758
28974
236
-25854
29097
237
-25950
29220
238
-26046
29343
239
-26142
29466
240
-26238
29589
241
-26334
29712
242
-26430
29835
243
-26526
29958
244
-26622
30081
245
-26718
30204
246
-26814
30327
247
-26910
30450
248
-27006
30573
249
-27102
30696
250
-27198
30819
251
-27294
30942
1
-6808
-812
2
3387
-689
3
8562
-315
4
8466
-192
5
8370
-69
6
8274
54
7
8178
177
8
8082
300
9
7986
423
10
7890
546
11
7794
669
12
7698
792
13
7602
915
14
7506
1038
15
7410
1161
16
7314
1284
17
7218
1407
18
7122
1530
19
7026
1653
20
6930
1776
21
6834
1899
22
6738
2022
23
6642
2145
24
6546
2268
25
6450
2391
26
6354
2514
27
6258
2637
28
6162
2760
29
6066
2883
30
5970
3006
31
5874
3129
32
5778
3252
33
5682
3375
34
5586
3498
35
5490
3621
36
5394
3744
37
5298
3867
38
5202
3990
39
5106
4113
40
5010
4236
41
4914
4359
42
4818
4482
43
4722
4605
44
4626
4728
45
4530
4851
46
4434
4974
47
4338
5097
48
4242
5220
49
4146
5343
50
4050
5466
51
3954
5589
52
3858
5712
53
3762
5835
54
3666
5958
55
3570
6081
56
3474
6204
57
3378
6327
58
3282
6450
59
3186
6573
60
3090
6696
61
2994
6819
62
2898
6942
63
2802
7065
64
2706
7188
65
5371
39439
66
-25347
7685
67
-8626
7808
68
-8722
7931
69
-8818
8054
70
-8914
8177
71
-9010
8300
72
-9106
8423
73
-9202
8546
74
-9298
8669
75
-9394
8792
76
-9490
8915
77
-9586
9038
78
-9682
9161
79
-9778
9284
80
-9874
9407
81
-9970
9530
82
-10066
9653
83
-10162
9776
84
-10258
9899
85
-10354
10022
86
-10450
10145
87
-10546
10268
88
-10642
10391
89
-10738
10514
90
-10834
10637
91
-10930
10760
92
-11026
10883
93
-11122
11006
94
-11218
11129
95
-11314
11252
96
-11410
11375
97
-11506
11498
98
-11602
11621
99
-11698
11744
100
-11794
11867
101
-11890
11990
102
-11986
12113
103
-12082
12236
104
-12178
12359
105
-12274
12482
106
-12370
12605
107
-12466
12728
108
-12562
12851
109
-12658
12974
110
-12754
13097
111
-12850
13220
112
-12946
13343
113
-13042
13466
114
-13138
13589
115
-13234
13712
116
-13330
13835
117
-13426
13958
118
-13522
14081
119
-13618
14204
120
-13714
14327
121
-13810
14450
122
-13906
14573
123
-14002
14696
124
-14098
14819
125
-14194
14942
126
-14290
15065
127
-14386
15188
128
-14482
15311
129
-6044
15685
130
-34001
47936
131
-15774
16182
132
-15870
16305
133
-15966
16428
134
-16062
16551
135
-16158
16674
136
-16254
16797
137
-16350
16920
138
-16446
17043
139
-16542
17166
140
-16638
17289
141
-16734
17412
142
-16830
17535
143
-16926
17658
144
-17022
17781
145
-17118
17904
146
-17214
18027
147
-17310
18150
148
-17406
18273
149
-17502
18396
150
-17598
18519
151
-17694
18642
152
-17790
18765
153
-17886
18888
154
-17982
19011
155
-18078
19134
156
-18174
19257
157
-18270
19380
158
-18366
19503
159
-18462
19626
160
-18558
19749
161
-18654
19872
162
-18750
19995
163
-18846
20118
164
-18942
20241
165
-19038
20364
166
-19134
20487
167
-19230
20610
168
-19326
20733
169
-19422
20856
170
-19518
20979
171
-19614
21102
172
-19710
21225
173
-19806
21348
174
-19902
21471
175
-19998
21594
176
-20094
21717
177
-20190
21840
178
-20286
21963
179
-20382
22086
180
-20478
22209
181
-20574
22332
182
-20670
22455
183
-20766
22578
184
-20862
22701
185
-20958
22824
186
-21054
22947
187
-21150
23070
188
-21246
23193
189
-21342
23316
190
-21438
23439
191
-21534
23562
192
-21630
23685
193
-21726
23808
194
-21822
23931
195
-21918
24054
196
-22014
24177
197
-22110
24300
198
-22206
24423
199
-22302
24546
200
-22398
24669
201
-22494
24792
202
-22590
24915
203
-22686
25038
204
-22782
25161
205
-22878
25284
206
-22974
25407
207
-23070
25530
208
-23166
25653
209
-23262
25776
210
-23358
25899
211
-23454
26022
212
-23550
26145
213
-23646
26268
214
-23742
26391
215
-23838
26514
216
-23934
26637
217
-24030
26760
218
-24126
26883
219
-24222
27006
220
-24318
27129
221
-24414
27252
222
-24510
27375
223
-24606
27498
224
-24702
27621
225
-24798
27744
226
-24894
27867
227
-24990
27990
228
-25086
28113
229
-25182
28236
230
-25278
28359
231
-25374
28482
232
-25470
28605
233
-25566
28728
234
-25662
28851
235
-25758
28974
236
-25854
29097
237
-25950
29220
238
-26046
29343
239
-26142
29466
240
-26238
29589
241
-26334
29712
242
-26430
29835
243
-26526
29958
244
-26622
30081
245
-26718
30204
246
-26814
30327
247
-26910
30450
248
-27006
30573
249
-27102
30696
250
-27198
30819
251
-27294
30942
1
-6808
-812
2
3387
-689
3
8562
-315
4
8466
-192
5
8370
-69
6
8274
54
7
8178
177
8
8082
300
9
7986
423
10
7890
546
11
7794
669
12
7698
792
13
7602
915
14
7506
1038
15
7410
1161
16
7314
1284
17
7218
1407
18
7122
1530
19
7026
1653
20
6930
1776
21
6834
1899
22
6738
2022
23
6642
2145
24
6546
2268
25
6450
2391
26
6354
2514
27
6258
2637
28
6162
2760
29
6066
2883
30
5970
3006
31
5874
3129
32
5778
3252
33
5682
3375
34
5586
3498
35
5490
3621
36
5394
3744
37
5298
3867
38
5202
3990
39
5106
4113
40
5010
4236
41
4914
4359
42
4818
4482
43
4722
4605
44
4626
4728
45
4530
4851
46
4434
4974
47
4338
5097
48
4242
5220
49
4146
5343
50
4050
5466
51
3954
5589
52
3858
5712
53
3762
5835
54
3666
5958
55
3570
6081
56
3474
6204
57
3378
6327
58
3282
6450
59
3186
6573
60
3090
6696
61
2994
6819
62
2898
6942
63
2802
7065
64
2706
7188
65
5371
39439
66
-25347
7685
67
-8626
7808
68
-8722
7931
69
-8818
8054
70
-8914
8177
71
-9010
8300
72
-9106
8423
73
-9202
8546
74
-9298
8669
75
-9394
8792
76
-9490
8915
77
-9586
9038
78
-9682
9161
79
-9778
9284
80
-9874
9407
81
-9970
9530
82
-10066
9653
83
-10162
9776
84
-10258
9899
85
-10354
10022
86
-10450
10145
87
-10546
10268
88
-10642
10391
89
-10738
10514
90
-10834
10637
91
-10930
10760
92
-11026
10883
93
-11122
11006
94
-11218
11129
95
-11314
11252
96
-11410
11375
97
-11506
11498
98
-11602
11621
99
-11698
11744
100
-11794
11867
101
-11890
11990
102
-11986
12113
103
-12082
12236
104
-12178
12359
105
-12274
12482
106
-12370
12605
107
-12466
12728
108
-12562
12851
109
-12658
12974
110
-12754
13097
111
-12850
13220
112
-12946
13343
113
-13042
13466
114
-13138
13589
115
-13234
13712
116
-13330
13835
117
-13426
13958
118
-13522
14081
119
-13618
14204
120
-13714
14327
121
-13810
14450
122
-13906
14573
123
-14002
14696
124
-14098
14819
125
-14194
14942
126
-14290
15065
127
-14386
15188
128
-14482
15311
129
-6044
15685
130
-34001
47936
131
-15774
16182
132
-15870
16305
133
-15966
16428
134
-16062
16551
135
-16158
16674
136
-16254
16797
137
-16350
16920
138
-16446
17043
139
-16542
17166
140
-16638
17289
141
-16734
17412
142
-16830
17535
143
-16926
17658
144
-17022
17781
145
-17118
17904
146
-17214
18027
147
-17310
18150
148
-17406
18273
149
-17502
18396
150
-17598
18519
151
-17694
18642
152
-17790
18765
153
-17886
18888
154
-17982
19011
155
-18078
19134
156
-18174
19257
157
-18270
19380
158
-18366
19503
159
-18462
19626
160
-18558
19749
161
-18654
19872
162
-18750
19995
163
-18846
20118
164
-18942
20241
165
-19038
20364
166
-19134
20487
167
-19230
20610
168
-19326
20733
169
-19422
20856
170
-19518
20979
171
-19614
21102
172
-19710
21225
173
-19806
21348
174
-19902
21471
175
-19998
21594
176
-20094
21717
177
-20190
21840
178
-20286
21963
179
-20382
22086
180
-20478
22209
181
-20574
22332
182
-20670
22455
183
-20766
22578
184
-20862
22701
185
-20958
22824
186
-21054
22947
187
-21150
23070
188
-21246
23193
189
-21342
23316
190
-21438
23439
191
-21534
23562
192
-21630
23685
193
-21726
23808
194
-21822
23931
195
-21918
24054
196
-22014
24177
197
-22110
24300
198
-22206
24423
199
-22302
24546
200
-22398
24669
201
-22494
24792
202
-22590
24915
203
-22686
25038
204
-22782
25161
205
-22878
25284
206
-22974
25407
207
-23070
25530
208
-23166
25653
209
-23262
25776
210
-23358
25899
211
-23454
26022
212
-23550
26145
213
-23646
26268
214
-23742
26391
215
-23838
26514
216
-23934
26637
217
-24030
26760
218
-24126
26883
219
-24222
27006
220
-24318
27129
221
-24414
27252
222
-24510
27375
223
-24606
27498
224
-24702
27621
225
-24798
27744
226
-24894
27867
227
-24990
27990
228
-25086
28113
229
-25182
28236
230
-25278
28359
231
-25374
28482
232
-25470
28605
233
-25566
28728
234
-25662
28851
235
-25758
28974
236
-25854
29097
237
-25950
29220
238
-26046
29343
239
-26142
29466
240
-26238
29589
241
-26334
29712
242
-26430
29835
243
-26526
29958
244
-26622
30081
245
-26718
30204
246
-26814
30327
247
-26910
30450
248
-27006
30573
249
-27102
30696
250
-27198
30819
251
-27294
30942
1
-6808
-812
2
3387
-689
3
8562
-315
4
8466
-192
5
8370
-69
6
8274
54
7
8178
177
8
8082
300
9
7986
423
10
7890
546
11
7794
669
12
7698
792
13
7602
915
14
7506
1038
15
7410
1161
16
7314
1284
17
7218
1407
18
7122
1530
19
7026
1653
20
6930
1776
21
6834
1899
22
6738
2022
23
6642
2145
24
6546
2268
25
6450
2391
26
6354
2514
27
6258
2637
28
6162
2760
29
6066
2883
30
5970
3006
31
5874
3129
32
5778
3252
33
5682
3375
34
5586
3498
35
5490
3621
36
5394
3744
37
5298
3867
38
5202
3990
39
5106
4113
40
5010
4236
41
4914
4359
42
4818
4482
43
4722
4605
44
4626
4728
45
4530
4851
46
4434
4974
47
4338
5097
48
4242
5220
49
4146
5343
50
4050
5466
51
3954
5589
52
3858
5712
53
3762
5835
54
3666
5958
55
3570
6081
56
3474
6204
57
3378
6327
58
3282
6450
59
3186
6573
60
3090
6696
61
2994
6819
62
2898
6942
63
2802
7065
64
2706
7188
65
5371
39439
66
-25347
7685
67
-8626
7808
68
-8722
7931
69
-8818
8054
70
-8914
8177
71
-9010
8300
72
-9106
8423
73
-9202
8546
74
-9298
8669
75
-9394
8792
76
-9490
8915
77
-9586
9038
78
-9682
9161
79
-9778
9284
80
-9874
9407
81
-9970
9530
82
-10066
9653
83
-10162
9776
84
-10258
9899
85
-10354
10022
86
-10450
10145
87
-10546
10268
88
-10642
10391
89
-10738
10514
90
-10834
10637
91
-10930
10760
92
-11026
10883
93
-11122
11006
94
-11218
11129
95
-11314
11252
96
-11410
11375
97
-11506
11498
98
-11602
11621
99
-11698
11744
100
-11794
11867
101
-11890
11990
102
-11986
12113
103
-12082
12236
104
-12178
12359
105
-12274
12482
106
-12370
12605
107
-12466
12728
108
-12562
12851
109
-12658
12974
110
-12754
13097
111
-12850
13220
112
-12946
13343
113
-13042
13466
114
-13138
13589
115
-13234
13712
116
-13330
13835
117
-13426
13958
118
-13522
14081
119
-13618
14204
120
-13714
14327
121
-13810
14450
122
-13906
14573
123
-14002
14696
124
-14098
14819
125
-14194
14942
126
-14290
15065
127
-14386
15188
128
-14482
15311
129
-6044
15685
130
-34001
47936
131
-15774
16182
132
-15870
16305
133
-15966
16428
134
-16062
16551
135
-16158
16674
136
-16254
16797
137
-16350
16920
138
-16446
17043
139
-16542
17166
140
-16638
17289
141
-16734
17412
142
-16830
17535
143
-16926
17658
144
-17022
17781
145
-17118
17904
146
-17214
18027
147
-17310
18150
148
-17406
18273
149
-17502
18396
150
-17598
18519
151
-17694
18642
152
-17790
18765
153
-17886
18888
154
-17982
19011
155
-18078
19134
156
-18174
19257
157
-18270
19380
158
-18366
19503
159
-18462
19626
160
-18558
19749
161
-18654
19872
162
-18750
19995
163
-18846
20118
164
-18942
20241
165
-19038
20364
166
-19134
20487
167
-19230
20610
168
-19326
20733
169
-19422
20856
170
-19518
20979
171
-19614
21102
172
-19710
21225
173
-19806
21348
174
-19902
21471
175
-19998
21594
176
-20094
21717
177
-20190
21840
178
-20286
21963
179
-20382
22086
180
-20478
22209
181
-20574
22332
182
-20670
22455
183
-20766
22578
184
-20862
22701
185
-20958
22824
186
-21054
22947
187
-21150
23070
188
-21246
23193
189
-21342
23316
190
-21438
23439
191
-21534
23562
192
-21630
23685
193
-21726
23808
194
-21822
23931
195
-21918
24054
196
-22014
24177
197
-22110
24300
198
-22206
24423
199
-22302
24546
200
-22398
24669
201
-22494
24792
202
-22590
24915
203
-22686
25038
204
-22782
25161
205
-22878
25284
206
-22974
25407
207
-23070
25530
208
-23166
25653
209
-23262
25776
210
-23358
25899
211
-23454
26022
212
-23550
26145
213
-23646
26268
214
-23742
26391
215
-23838
26514
216
-23934
26637
217
-24030
26760
218
-24126
26883
219
-24222
27006
220
-24318
27129
221
-24414
27252
222
-24510
27375
223
-24606
27498
224
-24702
27621
225
-24798
27744
226
-24894
27867
227
-24990
27990
228
-25086
28113
229
-25182
28236
230
-25278
28359
231
-25374
28482
232
-25470
28605
233
-25566
28728
234
-25662
28851
235
-25758
28974
236
-25854
29097
237
-25950
29220
238
-26046
29343
239
-26142
29466
240
-26238
29589
241
-26334
29712
242
-26430
29835
243
-26526
29958
244
-26622
30081
245
-26718
30204
246
-26814
30327
247
-26910
30450
248
-27006
30573
249
-27102
30696
250
-27198
30819
251
-27294
30942
1
-6808
-812
2
3387
-689
3
8562
-315
4
8466
-192
5
8370
-69
6
8274
54
7
8178
177
8
8082
300
9
7986
423
10
7890
546
11
7794
669
12
7698
792
13
7602
915
14
7506
1038
15
7410
1161
16
7314
1284
17
7218
1407
18
7122
1530
19
7026
1653
20
6930
1776
21
6834
1899
22
6738
2022
23
6642
2145
24
6546
2268
25
6450
2391
26
6354
2514
27
6258
2637
28
6162
2760
29
6066
2883
30
5970
3006
31
5874
3129
32
5778
3252
33
5682
3375
34
5586
3498
35
5490
3621
36
5394
3744
37
5298
3867
38
5202
3990
39
5106
4113
40
5010
4236
41
4914
4359
42
4818
4482
43
4722
4605
44
4626
4728
45
4530
4851
46
4434
4974
47
4338
5097
48
4242
5220
49
4146
5343
50
4050
5466
51
3954
5589
52
3858
5712
53
3762
5835
54
3666
5958
55
3570
6081
56
3474
6204
57
3378
6327
58
3282
6450
59
3186
6573
60
3090
6696
61
2994
6819
62
2898
6942
63
2802
7065
64
2706
7188
65
5371
39439
66
-25347
7685
67
-8626
7808
68
-8722
7931
69
-8818
8054
70
-8914
8177
71
-9010
8300
72
-9106
8423
73
-9202
8546
74
-9298
8669
75
-9394
8792
76
-9490
8915
77
-9586
9038
78
-9682
9161
79
-9778
9284
80
-9874
9407
81
-9970
9530
82
-10066
9653
83
-10162
9776
84
-10258
9899
85
-10354
10022
86
-10450
10145
66
8938
-1850
132
1961
8621
9
-9417
18264
19
4750
-28114
39
15088
9690
79
630
20400
159
-19832
41437
63
-5460
-14281
127
-8995
37226
255
-22487
42321
254
-37975
19615
252
-18690
7098
248
-25995
47346
240
-24772
30178
225
-24055
28609
194
-22496
25345
133
-13719
-13825
11
9758
6011
23
-2963
12914
47
15427
-5920
94
-35
21437
188
-21101
43639
120
-13887
22509
241
-31374
12376
227
-7716
25644
198
-34857
19413
141
-16976
7207
26
4751
15564
52
-12792
31638
104
-15440
-1366
208
-5164
-2349
160
-6232
28582
64
-10461
25291
128
-28636
18453
1
7618
5286
2
3173
-21813
4
11995
22420
8
-17077
12710
17
1715
-7093
35
3223
-14060
71
17899
5028
142
-20941
42950
28
-7617
-11127
56
-7376
10642
113
-19098
22049
226
-10812
11586
196
-29054
23680
137
-5165
14975
18
6830
-1540
37
-10363
30197
75
-10643
-4376
151
-1525
24267
46
-4493
-16364
92
-7022
32932
184
-12342
1351
112
-12280
35853
224
-26653
6553
192
1933
13872
129
-21634
28253
3
9761
-7497
6
-4522
18411
12
12516
4948
25
-17542
10277
50
742
-12087
100
12998
9102
201
-25020
18714
146
-10118
38067
36
-29691
11491
73
962
-8893
147
-12414
15491
38
-4874
-1022
77
-6219
31103
155
-10943
-2181
55
-3661
-3599
110
-3668
25823
220
-11772
19643
185
-5190
7411
114
-9905
15588
228
-16254
32069
200
-18268
32776
144
-26225
33550
32
764
2715
65
-16503
6451
130
-11533
13668
5
-3069
-4540
10
3264
-8569
21
13520
16651
43
-14088
1044
86
19310
2469
173
-18222
38214
91
-8336
11785
182
-8565
24080
109
-24831
16668
218
-31672
33464
181
-18464
2413
107
5957
5465
214
-20438
44464
172
-38260
24286
89
2273
16570
178
-39222
33906
101
-7702
3426
203
-33447
39747
150
-21911
14597
44
-12278
-3321
88
141
-6260
176
-13995
20885
97
-14021
42408
195
-30320
20045
135
-17164
7704
15
-2969
-16725
31
12650
-428
62
10784
-91
125
-9278
33223
251
-33968
34571
246
-39394
36755
237
-19963
8865
219
-28726
51262
183
-24635
5624
111
-23776
11885
222
-1607
24664
189
-36631
17453
122
5656
2778
245
-21165
39216
235
-28151
46942
215
-40080
29752
174
-27297
27759
93
-27572
23516
186
-20537
14902
116
-5979
-2325
232
-29962
28117
209
-3342
24743
162
-32059
49869
68
-22674
2327
136
-12209
4907
16
4825
10451
33
-2538
-11357
67
-10972
10434
134
-454
21120
13
-2454
-22276
27
2765
-11274
54
12625
10859
108
-4089
22612
216
-23383
13223
177
-6801
27213
99
-11784
22935
199
-20051
46891
143
-37693
29266
30
-7994
-6368
60
2639
20158
121
-20611
8441
243
-15567
17137
231
-38625
34654
206
-18300
4537
156
-19509
9712
57
-440
20700
115
-17221
9782
230
-19039
52842
204
-29529
8274
152
-7680
16676
49
1821
1734
98
-14264
4363
197
-13082
42132
139
-6364
19750
22
-23565
7242
45
7144
15121
90
-11498
-2015
180
-3028
28863
105
-13552
25468
210
-30725
18422
164
-17913
4586
72
7098
9683
145
-29551
20004
34
5891
8006
69
-6086
16265
138
-12242
656
20
-6052
1949
41
-2681
4281
82
-9751
9199
165
2031
18778
74
-3477
5170
149
1028
10976
42
-11326
22846
84
-4709
13434
169
-9445
-4878
83
-6547
23267
167
-3644
14787
78
-14886
-2300
157
-247
28676
59
-12311
25733
119
-6864
19590
238
-19790
39562
221
-32538
14225
187
-13883
28960
118
-22230
-6850
236
163
19323
217
-21467
40051
179
-32662
48228
103
-23919
-827
207
-3400
31751
158
-40260
31499
61
-13107
-2030
123
-1702
-3296
247
-23812
59197
239
-39282
21110
223
-21343
10216
191
-25634
21198
126
-24267
10522
253
-2568
21810
250
-26826
44643
244
-37245
24772
233
-27458
50437
211
-27737
36488
166
-24222
8589
76
-22765
17433
153
-11048
2862
51
7086
6233
102
-3717
12847
205
-13599
26458
154
-8741
20659
53
-28444
9186
106
3435
-13375
212
-13331
38913
168
-6801
13440
81
-13106
27518
163
-34111
23289
70
2477
-17936
140
-1390
29917
24
-14390
28089
48
-5157
-8592
96
-16003
15838
193
-4725
-454
131
-5561
32498
7
-20616
481
14
13167
1473
29
11861
3839
58
-18749
7677
117
9885
16117
234
-31289
32616
213
-34139
33227
170
-15356
34197
85
-25301
3750
171
-17502
7881
87
-116
-16241
175
-6761
33689
95
-19555
2991
190
-9606
39386
124
-25184
14513
249
-32503
29280
242
-8467
26941
229
-36338
21879
202
-25665
44779
148
-18328
-7724
40
579
18085
80
-15144
4424
161
-8918
9996
66
-3764
20248
132
1961
8621
9
-9417
18264
19
4750
-28114
39
15088
9690
79
630
20400
159
-19832
41437
63
-5460
-14281
127
-8995
37226
255
-22487
42321
254
-37975
19615
252
-18690
7098
248
-25995
47346
240
-24772
30178
225
-24055
28609
194
-22496
25345
133
-13719
-13825
11
9758
6011
23
-2963
12914
47
15427
-5920
94
-35
21437
188
-21101
43639
120
-13887
22509
241
-31374
12376
227
-7716
25644
198
-34857
19413
141
-16976
7207
26
4751
15564
52
-12792
31638
104
-15440
-1366
208
-5164
-2349
160
-6232
28582
64
-10461
25291
128
-28636
18453
1
7618
5286
2
3173
-21813
4
11995
22420
8
-17077
12710
17
1715
-7093
35
3223
-14060
71
17899
5028
142
-20941
42950
28
-7617
-11127
56
-7376
10642
113
-19098
22049
226
-10812
11586
196
-29054
23680
137
-5165
14975
18
6830
-1540
37
-10363
30197
75
-10643
-4376
151
-1525
24267
46
-4493
-16364
92
-7022
32932
184
-12342
1351
112
-12280
35853
224
-26653
6553
192
1933
13872
129
-21634
28253
3
9761
-7497
6
-4522
18411
12
12516
4948
25
-17542
10277
50
742
-12087
100
12998
9102
201
-25020
18714
146
-10118
38067
36
-29691
11491
73
962
-8893
147
-12414
15491
38
-4874
-1022
77
-6219
31103
155
-10943
-2181
55
-3661
-3599
110
-3668
25823
220
-11772
19643
185
-5190
7411
114
-9905
15588
228
-16254
32069
200
-18268
32776
144
-26225
33550
32
764
2715
65
-16503
6451
130
-11533
13668
5
-3069
-4540
10
3264
-8569
21
13520
16651
43
-14088
1044
86
19310
2469
173
-18222
38214
91
-8336
11785
182
-8565
24080
109
-24831
16668
218
-31672
33464
181
-18464
2413
107
5957
5465
214
-20438
44464
172
-38260
24286
89
2273
16570
178
-39222
33906
101
-7702
3426
203
-33447
39747
150
-21911
14597
44
-12278
-3321
88
141
-6260
176
-13995
20885
97
-14021
42408
195
-30320
20045
135
-17164
7704
15
-2969
-16725
31
12650
-428
62
10784
-91
125
-9278
33223
251
-33968
34571
246
-39394
36755
237
-19963
8865
219
-28726
51262
183
-24635
5624
111
-23776
11885
222
-1607
24664
189
-36631
17453
122
5656
2778
245
-21165
39216
235
-28151
46942
215
-40080
29752
174
-27297
27759
93
-27572
23516
186
-20537
14902
116
-5979
-2325
232
-29962
28117
209
-3342
24743
162
-32059
49869
68
-22674
2327
136
-12209
4907
16
4825
10451
33
-2538
-11357
67
-10972
10434
134
-454
21120
13
-2454
-22276
27
2765
-11274
54
12625
10859
108
-4089
22612
216
-23383
13223
177
-6801
27213
99
-11784
22935
199
-20051
46891
143
-37693
29266
30
-7994
-6368
60
2639
20158
121
-20611
8441
243
-15567
17137
231
-38625
34654
206
-18300
4537
156
-19509
9712
57
-440
20700
115
-17221
9782
230
-19039
52842
204
-29529
8274
152
-7680
16676
49
1821
1734
98
-14264
4363
197
-13082
42132
139
-6364
19750
22
-23565
7242
45
7144
15121
90
-11498
-2015
180
-3028
28863
105
-13552
25468
210
-30725
18422
164
-17913
4586
72
7098
9683
145
-29551
20004
34
5891
8006
69
-6086
16265
138
-12242
656
20
-6052
1949
41
-2681
4281
82
-9751
9199
165
2031
18778
74
-3477
5170
149
1028
10976
42
-11326
22846
84
-4709
13434
169
-9445
-4878
83
-6547
23267
167
-3644
14787
78
-14886
-2300
157
-247
28676
59
-12311
25733
119
-6864
19590
238
-19790
39562
221
-32538
14225
187
-13883
28960
118
-22230
-6850
236
163
19323
217
-21467
40051
179
-32662
48228
103
-23919
-827
207
-3400
31751
158
-40260
31499
61
-13107
-2030
123
-1702
-3296
247
-23812
59197
239
-39282
21110
223
-21343
10216
91
-4613
5308
182
-8565
24080
109
-24831
16668
218
-31672
33464
181
-18464
2413
107
5957
5465
214
-20438
44464
172
-38260
24286
89
2273
16570
178
-39222
33906
101
-7702
3426
203
-33447
39747
150
-21911
14597
44
-12278
-3321
88
141
-6260
176
-13995
20885
97
-14021
42408
195
-30320
20045
135
-17164
7704
15
-2969
-16725
31
12650
-428
62
10784
-91
125
-9278
33223
251
-33968
34571
246
-39394
36755
237
-19963
8865
219
-28726
51262
183
-24635
5624
111
-23776
11885
222
-1607
24664
189
-36631
17453
122
5656
2778
245
-21165
39216
235
-28151
46942
215
-40080
29752
174
-27297
27759
93
-27572
23516
186
-20537
14902
116
-5979
-2325
232
-29962
28117
209
-3342
24743
162
-32059
49869
68
-22674
2327
136
-12209
4907
16
4825
10451
33
-2538
-11357
67
-10972
10434
134
-454
21120
13
-2454
-22276
27
2765
-11274
54
12625
10859
108
-4089
22612
216
-23383
13223
177
-6801
27213
99
-11784
22935
199
-20051
46891
143
-37693
29266
30
-7994
-6368
60
2639
20158
121
-20611
8441
243
-15567
17137
231
-38625
34654
206
-18300
4537
156
-19509
9712
57
-440
20700
115
-17221
9782
230
-19039
52842
204
-29529
8274
152
-7680
16676
49
1821
1734
98
-14264
4363
197
-13082
42132
139
-6364
19750
22
-23565
7242
45
7144
15121
90
-11498
-2015
180
-3028
28863
105
-13552
25468
210
-30725
18422
164
-17913
4586
72
7098
9683
145
-29551
20004
34
5891
8006
69
-6086
16265
138
-12242
656
20
-6052
1949
41
-2681
4281
82
-9751
9199
165
2031
18778
74
-3477
5170
149
1028
10976
42
-11326
22846
84
-4709
13434
169
-9445
-4878
83
-6547
23267
167
-3644
14787
78
-14886
-2300
157
-247
28676
59
-12311
25733
119
-6864
19590
238
-19790
39562
221
-32538
14225
187
-13883
28960
118
-22230
-6850
236
163
19323
217
-21467
40051
179
-32662
48228
103
-23919
-827
207
-3400
31751
158
-40260
31499
61
-13107
-2030
123
-1702
-3296
247
-23812
59197
239
-39282
21110
223
-21343
10216
191
-25634
21198
126
-24267
10522
253
-2568
21810
250
-26826
44643
244
-37245
24772
233
-27458
50437
211
-27737
36488
166
-24222
8589
76
-22765
17433
153
-11048
2862
51
7086
6233
102
-3717
12847
205
-13599
26458
154
-8741
20659
53
-28444
9186
106
3435
-13375
212
-13331
38913
168
-6801
13440
81
-13106
27518
163
-34111
23289
70
2477
-17936
140
-1390
29917
24
-14390
28089
48
-5157
-8592
96
-16003
15838
193
-4725
-454
131
-5561
32498
7
-20616
481
14
13167
1473
29
11861
3839
58
-18749
7677
117
9885
16117
234
-31289
32616
213
-34139
33227
170
-15356
34197
85
-25301
3750
171
-17502
7881
87
-116
-16241
175
-6761
33689
95
-19555
2991
190
-9606
39386
124
-25184
14513
249
-32503
29280
242
-8467
26941
229
-36338
21879
202
-25665
44779
148
-18328
-7724
40
579
18085
80
-15144
4424
161
-8918
9996
66
-3764
20248
132
1961
8621
9
-9417
18264
19
4750
-28114
39
15088
9690
79
630
20400
159
-19832
41437
63
-5460
-14281
127
-8995
37226
255
-22487
42321
254
-37975
19615
252
-18690
7098
248
-25995
47346
240
-24772
30178
225
-24055
28609
194
-22496
25345
133
-13719
-13825
11
9758
6011
23
-2963
12914
47
15427
-5920
94
-35
21437
188
-21101
43639
120
-13887
22509
241
-31374
12376
227
-7716
25644
198
-34857
19413
141
-16976
7207
26
4751
15564
52
-12792
31638
104
-15440
-1366
208
-5164
-2349
160
-6232
28582
64
-10461
25291
128
-28636
18453
1
7618
5286
2
3173
-21813
4
11995
22420
8
-17077
12710
17
1715
-7093
35
3223
-14060
71
17899
5028
142
-20941
42950
28
-7617
-11127
56
-7376
10642
113
-19098
22049
226
-10812
11586
196
-29054
23680
137
-5165
14975
18
6830
-1540
37
-10363
30197
75
-10643
-4376
151
-1525
24267
46
-4493
-16364
92
-7022
32932
184
-12342
1351
112
-12280
35853
224
-26653
6553
192
1933
13872
129
-21634
28253
3
9761
-7497
6
-4522
18411
12
12516
4948
25
-17542
10277
50
742
-12087
100
12998
9102
201
-25020
18714
146
-10118
38067
36
-29691
11491
73
962
-8893
147
-12414
15491
38
-4874
-1022
77
-6219
31103
155
-10943
-2181
55
-3661
-3599
110
-3668
25823
220
-11772
19643
185
-5190
7411
114
-9905
15588
228
-16254
32069
200
-18268
32776
144
-26225
33550
32
764
2715
65
-16503
6451
130
-11533
13668
5
-3069
-4540
10
3264
-8569
21
13520
16651
43
-14088
1044
86
19310
2469
173
-18222
38214
91
-8336
11785
182
-8565
24080
109
-24831
16668
218
-31672
33464
181
-18464
2413
107
5957
5465
214
-20438
44464
172
-38260
24286
89
2273
16570
178
-39222
33906
101
-7702
3426
203
-33447
39747
150
-21911
14597
44
-12278
-3321
88
141
-6260
176
-13995
20885
97
-14021
42408
195
-30320
20045
135
-17164
7704
15
-2969
-16725
31
12650
-428
62
10784
-91
125
-9278
33223
251
-33968
34571
246
-39394
36755
237
-19963
8865
219
-28726
51262
183
-24635
5624
111
-23776
11885
222
-1607
24664
189
-36631
17453
122
5656
2778
245
-21165
39216
235
-28151
46942
215
-40080
29752
174
-27297
27759
93
-27572
23516
186
-20537
14902
116
-5979
-2325
232
-29962
28117
209
-3342
24743
162
-32059
49869
68
-22674
2327
136
-12209
4907
16
4825
10451
33
-2538
-11357
67
-10972
10434
134
-454
21120
13
-2454
-22276
27
2765
-11274
54
12625
10859
108
-4089
22612
216
-23383
13223
177
-6801
27213
99
-11784
22935
199
-20051
46891
143
-37693
29266
30
-7994
-6368
60
2639
20158
121
-20611
8441
243
-15567
17137
231
-38625
34654
206
-18300
4537
156
-19509
9712
57
-440
20700
115
-17221
9782
230
-19039
52842
204
-29529
8274
152
-7680
16676
49
1821
1734
98
-14264
4363
197
-13082
42132
139
-6364
19750
22
-23565
7242
45
7144
15121
90
-11498
-2015
180
-3028
28863
105
-13552
25468
210
-30725
18422
164
-17913
4586
72
7098
9683
145
-29551
20004
34
5891
8006
69
-6086
16265
138
-12242
656
20
-6052
1949
41
-2681
4281
82
-9751
9199
165
2031
18778
74
-3477
5170
149
1028
10976
42
-11326
22846
84
-4709
13434
169
-9445
-4878
83
-6547
23267
167
-3644
14787
78
-14886
-2300
157
-247
28676
59
-12311
25733
119
-6864
19590
238
-19790
39562
221
-32538
14225
187
-13883
28960
118
-22230
-6850
236
163
19323
217
-21467
40051
179
-32662
48228
103
-23919
-827
207
-3400
31751
158
-40260
31499
61
-13107
-2030
123
-1702
-3296
247
-23812
59197
239
-39282
21110
223
-21343
10216
191
-25634
21198
126
-24267
10522
253
-2568
21810
250
-26826
44643
244
-37245
24772
233
-27458
50437
211
-27737
36488
166
-24222
8589
76
-22765
17433
153
-11048
2862
51
7086
6233
102
-3717
12847
205
-13599
26458
154
-8741
20659
53
-28444
9186
106
3435
-13375
212
-13331
38913
168
-6801
13440
81
-13106
27518
163
-34111
23289
70
2477
-17936
140
-1390
29917
24
-14390
28089
48
-5157
-8592
96
-16003
15838
193
-4725
-454
131
-5561
32498
7
-20616
481
14
13167
1473
29
11861
3839
58
-18749
7677
117
9885
16117
234
-31289
32616
213
-34139
33227
170
-15356
34197
85
-25301
3750
171
-17502
7881
87
-116
-16241
175
-6761
33689
95
-19555
2991
190
-9606
39386
124
-25184
14513
249
-32503
29280
242
-8467
26941
229
-36338
21879
202
-25665
44779
148
-18328
-7724
40
579
18085
80
-15144
4424
161
-8918
9996
66
-3764
20248
132
1961
8621
9
-9417
18264
19
4750
-28114
39
15088
9690
79
630
20400
159
-19832
41437
63
-5460
-14281
127
-8995
37226
255
-22487
42321
254
-37975
19615
252
-18690
7098
248
-25995
47346
240
-24772
30178
225
-24055
28609
194
-22496
25345
133
-13719
-13825
11
9758
6011
23
-2963
12914
47
15427
-5920
94
-35
21437
188
-21101
43639
120
-13887
22509
241
-31374
12376
227
-7716
25644
198
-34857
19413
141
-16976
7207
26
4751
15564
52
-12792
31638
104
-15440
-1366
208
-5164
-2349
160
-6232
28582
64
-10461
25291
128
-28636
18453
1
7618
5286
2
3173
-21813
4
11995
22420
8
-17077
12710
17
1715
-7093
35
3223
-14060
149
6503
1451
42
-11326
22846
84
-4709
13434
169
-9445
-4878
83
-6547
23267
167
-3644
14787
78
-14886
-2300
157
-247
28676
59
-12311
25733
119
-6864
19590
238
-19790
39562
221
-32538
14225
187
-13883
28960
118
-22230
-6850
236
163
19323
217
-21467
40051
179
-32662
48228
103
-23919
-827
207
-3400
31751
158
-40260
31499
61
-13107
-2030
123
-1702
-3296
247
-23812
59197
239
-39282
21110
223
-21343
10216
191
-25634
21198
126
-24267
10522
253
-2568
21810
250
-26826
44643
244
-37245
24772
233
-27458
50437
211
-27737
36488
166
-24222
8589
76
-22765
17433
153
-11048
2862
51
7086
6233
102
-3717
12847
205
-13599
26458
154
-8741
20659
53
-28444
9186
106
3435
-13375
212
-13331
38913
168
-6801
13440
81
-13106
27518
163
-34111
23289
70
2477
-17936
140
-1390
29917
24
-14390
28089
48
-5157
-8592
96
-16003
15838
193
-4725
-454
131
-5561
32498
7
-20616
481
14
13167
1473
29
11861
3839
58
-18749
7677
117
9885
16117
234
-31289
32616
213
-34139
33227
170
-15356
34197
85
-25301
3750
171
-17502
7881
87
-116
-16241
175
-6761
33689
95
-19555
2991
190
-9606
39386
124
-25184
14513
249
-32503
29280
242
-8467
26941
229
-36338
21879
202
-25665
44779
148
-18328
-7724
40
579
18085
80
-15144
4424
161
-8918
9996
66
-3764
20248
132
1961
8621
9
-9417
18264
19
4750
-28114
39
15088
9690
79
630
20400
159
-19832
41437
63
-5460
-14281
127
-8995
37226
255
-22487
42321
254
-37975
19615
252
-18690
7098
248
-25995
47346
240
-24772
30178
225
-24055
28609
194
-22496
25345
133
-13719
-13825
11
9758
6011
23
-2963
12914
47
15427
-5920
94
-35
21437
188
-21101
43639
120
-13887
22509
241
-31374
12376
227
-7716
25644
198
-34857
19413
141
-16976
7207
26
4751
15564
52
-12792
31638
104
-15440
-1366
208
-5164
-2349
160
-6232
28582
64
-10461
25291
128
-28636
18453
1
7618
5286
2
3173
-21813
4
11995
22420
8
-17077
12710
17
1715
-7093
35
3223
-14060
71
17899
5028
142
-20941
42950
28
-7617
-11127
56
-7376
10642
113
-19098
22049
226
-10812
11586
196
-29054
23680
137
-5165
14975
18
6830
-1540
37
-10363
30197
75
-10643
-4376
151
-1525
24267
46
-4493
-16364
92
-7022
32932
184
-12342
1351
112
-12280
35853
224
-26653
6553
192
1933
13872
129
-21634
28253
3
9761
-7497
6
-4522
18411
12
12516
4948
25
-17542
10277
50
742
-12087
100
12998
9102
201
-25020
18714
146
-10118
38067
36
-29691
11491
73
962
-8893
147
-12414
15491
38
-4874
-1022
77
-6219
31103
155
-10943
-2181
55
-3661
-3599
110
-3668
25823
220
-11772
19643
185
-5190
7411
114
-9905
15588
228
-16254
32069
200
-18268
32776
144
-26225
33550
32
764
2715
65
-16503
6451
130
-11533
13668
5
-3069
-4540
10
3264
-8569
21
13520
16651
43
-14088
1044
86
19310
2469
173
-18222
38214
91
-8336
11785
182
-8565
24080
109
-24831
16668
218
-31672
33464
181
-18464
2413
107
5957
5465
214
-20438
44464
172
-38260
24286
89
2273
16570
178
-39222
33906
101
-7702
3426
203
-33447
39747
150
-21911
14597
44
-12278
-3321
88
141
-6260
176
-13995
20885
97
-14021
42408
195
-30320
20045
135
-17164
7704
15
-2969
-16725
31
12650
-428
62
10784
-91
125
-9278
33223
251
-33968
34571
246
-39394
36755
237
-19963
8865
219
-28726
51262
183
-24635
5624
111
-23776
11885
222
-1607
24664
189
-36631
17453
122
5656
2778
245
-21165
39216
235
-28151
46942
215
-40080
29752
174
-27297
27759
93
-27572
23516
186
-20537
14902
116
-5979
-2325
232
-29962
28117
209
-3342
24743
162
-32059
49869
68
-22674
2327
136
-12209
4907
16
4825
10451
33
-2538
-11357
67
-10972
10434
134
-454
21120
13
-2454
-22276
27
2765
-11274
54
12625
10859
108
-4089
22612
216
-23383
13223
177
-6801
27213
99
-11784
22935
199
-20051
46891
143
-37693
29266
30
-7994
-6368
60
2639
20158
121
-20611
8441
243
-15567
17137
231
-38625
34654
206
-18300
4537
156
-19509
9712
57
-440
20700
115
-17221
9782
230
-19039
52842
204
-29529
8274
152
-7680
16676
49
1821
1734
98
-14264
4363
197
-13082
42132
139
-6364
19750
22
-23565
7242
45
7144
15121
90
-11498
-2015
180
-3028
28863
105
-13552
25468
210
-30725
18422
164
-17913
4586
72
7098
9683
145
-29551
20004
34
5891
8006
69
-6086
16265
138
-12242
656
20
-6052
1949
41
-2681
4281
82
-9751
9199
165
2031
18778
74
-3477
5170
149
1028
10976
42
-11326
22846
84
-4709
13434
169
-9445
-4878
83
-6547
23267
167
-3644
14787
78
-14886
-2300
157
-247
28676
59
-12311
25733
119
-6864
19590
238
-19790
39562
221
-32538
14225
187
-13883
28960
118
-22230
-6850
236
163
19323
217
-21467
40051
179
-32662
48228
103
-23919
-827
207
-3400
31751
158
-40260
31499
61
-13107
-2030
123
-1702
-3296
247
-23812
59197
239
-39282
21110
223
-21343
10216
191
-25634
21198
126
-24267
10522
253
-2568
21810
250
-26826
44643
244
-37245
24772
233
-27458
50437
211
-27737
36488
166
-24222
8589
76
-22765
17433
153
-11048
2862
51
7086
6233
102
-3717
12847
205
-13599
26458
154
-8741
20659
53
-28444
9186
106
3435
-13375
212
-13331
38913
168
-6801
13440
81
-13106
27518
163
-34111
23289
70
2477
-17936
140
-1390
29917
24
-14390
28089
48
-5157
-8592
96
-16003
15838
193
-4725
-454
131
-5561
32498
7
-20616
481
14
13167
1473
29
11861
3839
58
-18749
7677
117
9885
16117
234
-31289
32616
213
-34139
33227
170
-15356
34197
85
-25301
3750
171
-17502
7881
87
-116
-16241
175
-6761
33689
95
-19555
2991
190
-9606
39386
124
-25184
14513
249
-32503
29280
242
-8467
26941
229
-36338
21879
202
-25665
44779
148
-18328
-7724
40
579
18085
80
-15144
4424
161
-8918
9996
66
-3764
20248
132
1961
8621
9
-9417
18264
19
4750
-28114
39
15088
9690
79
630
20400
159
-19832
41437
63
-5460
-14281
127
-8995
37226
255
-22487
42321
254
-37975
19615
252
-18690
7098
248
-25995
47346
240
-24772
30178
225
-24055
28609
194
-22496
25345
133
-13719
-13825
11
9758
6011
23
-2963
12914
47
15427
-5920
94
-35
21437
188
-21101
43639
120
-13887
22509
241
-31374
12376
227
-7716
25644
198
-34857
19413
141
-16976
7207
26
4751
15564
52
-12792
31638
104
-15440
-1366
208
-5164
-2349
160
-6232
28582
64
-10461
25291
128
-28636
18453
1
7618
5286
2
3173
-21813
4
11995
22420
8
-17077
12710
17
1715
-7093
35
3223
-14060
71
17899
5028
142
-20941
42950
28
-7617
-11127
56
-7376
10642
113
-19098
22049
226
-10812
11586
196
-29054
23680
137
-5165
14975
18
6830
-1540
37
-10363
30197
75
-10643
-4376
151
-1525
24267
46
-4493
-16364
92
-7022
32932
184
-12342
1351
112
-12280
35853
224
-26653
6553
192
1933
13872
129
-21634
28253
3
9761
-7497
6
-4522
18411
12
12516
4948
25
-17542
10277
50
742
-12087
100
12998
9102
201
-25020
18714
146
-10118
38067
36
-29691
11491
73
962
-8893
147
-12414
15491
38
-4874
-1022
77
-6219
31103
155
-10943
-2181
55
-3661
-3599
110
-3668
25823
220
-11772
19643
185
-5190
7411
114
-9905
15588
228
-16254
32069
200
-18268
32776
144
-26225
33550
32
764
2715
65
-16503
6451
130
-11533
13668
5
-3069
-4540
10
3264
-8569
21
13520
16651
43
-14088
1044
86
19310
2469
173
-18222
38214
91
-8336
11785
182
-8565
24080
109
-24831
16668
218
-31672
33464
181
-18464
2413
107
5957
5465
214
-20438
44464
172
-38260
24286
89
2273
16570
178
-39222
33906
101
-7702
3426
203
-33447
39747
150
-21911
14597
44
-12278
-3321
88
141
-6260
176
-13995
20885
97
-14021
42408
195
-30320
20045
135
-17164
7704
15
-2969
-16725
31
12650
-428
62
10784
-91
125
-9278
33223
251
-33968
34571
246
-39394
36755
237
-19963
8865
219
-28726
51262
183
-24635
5624
111
-23776
11885
222
-1607
24664
189
-36631
17453
122
5656
2778
245
-21165
39216
235
-28151
46942
215
-40080
29752
174
-27297
27759
93
-27572
23516
186
-20537
14902
116
-5979
-2325
232
-29962
28117
