67
0
8150
68
0
8273
69
0
8396
70
0
8519
71
0
8642
72
0
8765
73
0
8888
74
0
9011
75
0
9134
76
0
9257
77
0
9380
78
0
9503
79
0
9626
80
0
9749
81
0
9872
82
0
9995
83
0
10118
84
0
10241
85
0
10364
86
0
10487
87
0
10610
88
0
10733
89
0
10856
90
0
10979
91
0
11102
92
0
11225
93
0
11348
94
0
11471
95
0
11594
96
0
11717
97
0
11840
98
0
11963
99
0
12086
100
0
12209
101
0
12332
102
0
12455
103
0
12578
104
0
12701
105
0
12824
106
0
12947
107
0
13070
108
0
13193
109
0
13316
110
0
13439
111
0
13562
112
0
13685
113
0
13808
114
0
13931
115
0
14054
116
0
14177
117
0
14300
118
0
14423
119
0
14546
120
0
14669
121
0
14792
122
0
14915
123
0
15038
124
0
15161
125
0
15284
126
0
15407
127
0
15530
128
0
15653
129
0
15776
130
0
15899
131
0
16022
132
0
16145
133
0
16268
134
0
16391
135
0
16514
136
0
16637
137
0
16760
138
0
16883
139
0
17006
140
0
17129
141
0
17252
142
0
17375
143
0
17498
144
0
17621
145
0
17744
146
0
17867
147
0
17990
148
0
18113
149
0
18236
150
0
18359
151
0
18482
152
0
18605
153
0
18728
154
0
18851
155
0
18974
156
0
19097
157
0
19220
158
0
19343
159
0
19466
160
0
19589
161
0
19712
162
0
19835
163
0
19958
164
0
20081
165
0
20204
166
0
20327
167
0
20450
168
0
20573
169
0
20696
170
0
20819
171
0
20942
172
0
21065
173
0
21188
174
0
21311
175
0
21434
176
0
21557
177
0
21680
178
0
21803
179
0
21926
180
0
22049
181
0
22172
182
0
22295
183
0
22418
184
0
22541
185
0
22664
186
0
22787
187
0
22910
188
0
23033
189
0
23156
190
0
23279
191
0
23402
192
0
23525
193
0
23648
194
0
23771
195
0
23894
196
0
24017
197
0
24140
198
0
24263
199
0
24386
200
0
24509
201
0
24632
202
0
24755
203
0
24878
204
0
25001
205
0
25124
206
0
25247
207
0
25370
208
0
25493
209
0
25616
210
0
25739
211
0
25862
212
0
25985
213
0
26108
214
0
26231
215
0
26354
216
0
26477
217
0
26600
218
0
26723
219
0
26846
220
0
26969
221
0
27092
222
0
27215
223
0
27338
224
0
27461
225
0
27584
226
0
27707
227
0
27830
228
0
27953
229
0
28076
230
0
28199
231
0
28322
232
0
28445
233
0
28568
234
0
28691
235
0
28814
236
0
28937
237
0
29060
238
0
29183
239
0
29306
240
0
29429
241
0
29552
242
0
29675
243
0
29798
244
0
29921
245
0
30044
246
0
30167
247
0
30290
248
0
30413
249
0
30536
250
0
30659
251
0
30782
1
0
0
2
5051
0
3
10226
0
4
10130
0
5
10034
0
6
9938
0
7
9842
17
8
9746
140
9
9650
263
10
9554
386
11
9458
509
12
9362
632
13
9266
755
14
9170
878
15
9074
1001
16
8978
1124
17
8882
1247
18
8786
1370
19
8690
1493
20
8594
1616
21
8498
1739
22
8402
1862
23
8306
1985
24
8210
2108
25
8114
2231
26
8018
2354
27
7922
2477
28
7826
2600
29
7730
2723
30
7634
2846
31
7538
2969
32
7442
3092
33
10107
35343
34
0
3589
35
0
3712
36
0
3835
37
0
3958
38
0
4081
39
0
4204
40
0
4327
41
0
4450
42
0
4573
43
0
4696
44
0
4819
45
0
4942
46
0
5065
47
0
5188
48
0
5311
49
0
5434
50
0
5557
51
0
5680
52
0
5803
53
0
5926
54
0
6049
55
0
6172
56
0
6295
57
0
6418
58
0
6541
59
0
6664
60
0
6787
61
0
6910
62
0
7033
63
0
7156
64
0
7279
65
1764
7653
66
0
39904
67
0
8150
68
0
8273
69
0
8396
70
0
8519
71
0
8642
72
0
8765
73
0
8888
74
0
9011
75
0
9134
76
0
9257
77
0
9380
78
0
9503
79
0
9626
80
0
9749
81
0
9872
82
0
9995
83
0
10118
84
0
10241
85
0
10364
86
0
10487
87
0
10610
88
0
10733
89
0
10856
90
0
10979
91
0
11102
92
0
11225
93
0
11348
94
0
11471
95
0
11594
96
0
11717
97
0
11840
98
0
11963
99
0
12086
100
0
12209
101
0
12332
102
0
12455
103
0
12578
104
0
12701
105
0
12824
106
0
12947
107
0
13070
108
0
13193
109
0
13316
110
0
13439
111
0
13562
112
0
13685
113
0
13808
114
0
13931
115
0
14054
116
0
14177
117
0
14300
118
0
14423
119
0
14546
120
0
14669
121
0
14792
122
0
14915
123
0
15038
124
0
15161
125
0
15284
126
0
15407
127
0
15530
128
0
15653
129
0
15776
130
0
15899
131
0
16022
132
0
16145
133
0
16268
134
0
16391
135
0
16514
136
0
16637
137
0
16760
138
0
16883
139
0
17006
140
0
17129
141
0
17252
142
0
17375
143
0
17498
144
0
17621
145
0
17744
146
0
17867
147
0
17990
148
0
18113
149
0
18236
150
0
18359
151
0
18482
152
0
18605
153
0
18728
154
0
18851
155
0
18974
156
0
19097
157
0
19220
158
0
19343
159
0
19466
160
0
19589
161
0
19712
162
0
19835
163
0
19958
164
0
20081
165
0
20204
166
0
20327
167
0
20450
168
0
20573
169
0
20696
170
0
20819
171
0
20942
172
0
21065
173
0
21188
174
0
21311
175
0
21434
176
0
21557
177
0
21680
178
0
21803
179
0
21926
180
0
22049
181
0
22172
182
0
22295
183
0
22418
184
0
22541
185
0
22664
186
0
22787
187
0
22910
188
0
23033
189
0
23156
190
0
23279
191
0
23402
192
0
23525
193
0
23648
194
0
23771
195
0
23894
196
0
24017
197
0
24140
198
0
24263
199
0
24386
200
0
24509
201
0
24632
202
0
24755
203
0
24878
204
0
25001
205
0
25124
206
0
25247
207
0
25370
208
0
25493
209
0
25616
210
0
25739
211
0
25862
212
0
25985
213
0
26108
214
0
26231
215
0
26354
216
0
26477
217
0
26600
218
0
26723
219
0
26846
220
0
26969
221
0
27092
222
0
27215
223
0
27338
224
0
27461
225
0
27584
226
0
27707
227
0
27830
228
0
27953
229
0
28076
230
0
28199
231
0
28322
232
0
28445
233
0
28568
234
0
28691
235
0
28814
236
0
28937
237
0
29060
238
0
29183
239
0
29306
240
0
29429
241
0
29552
242
0
29675
243
0
29798
244
0
29921
245
0
30044
246
0
30167
247
0
30290
248
0
30413
249
0
30536
250
0
30659
251
0
30782
1
0
0
2
5051
0
3
10226
0
4
10130
0
5
10034
0
6
9938
0
7
9842
17
8
9746
140
9
9650
263
10
9554
386
11
9458
509
12
9362
632
13
9266
755
14
9170
878
15
9074
1001
16
8978
1124
17
8882
1247
18
8786
1370
19
8690
1493
20
8594
1616
21
8498
1739
22
8402
1862
23
8306
1985
24
8210
2108
25
8114
2231
26
8018
2354
27
7922
2477
28
7826
2600
29
7730
2723
30
7634
2846
31
7538
2969
32
7442
3092
33
10107
35343
34
0
3589
35
0
3712
36
0
3835
37
0
3958
38
0
4081
39
0
4204
40
0
4327
41
0
4450
42
0
4573
43
0
4696
44
0
4819
45
0
4942
46
0
5065
47
0
5188
48
0
5311
49
0
5434
50
0
5557
51
0
5680
52
0
5803
53
0
5926
54
0
6049
55
0
6172
56
0
6295
57
0
6418
58
0
6541
59
0
6664
60
0
6787
61
0
6910
62
0
7033
63
0
7156
64
0
7279
65
1764
7653
66
0
39904
67
0
8150
68
0
8273
69
0
8396
70
0
8519
71
0
8642
72
0
8765
73
0
8888
74
0
9011
75
0
9134
76
0
9257
77
0
9380
78
0
9503
79
0
9626
80
0
9749
81
0
9872
82
0
9995
83
0
10118
84
0
10241
85
0
10364
86
0
10487
87
0
10610
88
0
10733
89
0
10856
90
0
10979
91
0
11102
92
0
11225
93
0
11348
94
0
11471
95
0
11594
96
0
11717
97
0
11840
98
0
11963
99
0
12086
100
0
12209
101
0
12332
102
0
12455
103
0
12578
104
0
12701
105
0
12824
106
0
12947
107
0
13070
108
0
13193
109
0
13316
110
0
13439
111
0
13562
112
0
13685
113
0
13808
114
0
13931
115
0
14054
116
0
14177
117
0
14300
118
0
14423
119
0
14546
120
0
14669
121
0
14792
122
0
14915
123
0
15038
124
0
15161
125
0
15284
126
0
15407
127
0
15530
128
0
15653
129
0
15776
130
0
15899
131
0
16022
132
0
16145
133
0
16268
134
0
16391
135
0
16514
136
0
16637
137
0
16760
138
0
16883
139
0
17006
140
0
17129
141
0
17252
142
0
17375
143
0
17498
144
0
17621
145
0
17744
146
0
17867
147
0
17990
148
0
18113
149
0
18236
150
0
18359
151
0
18482
152
0
18605
153
0
18728
154
0
18851
155
0
18974
156
0
19097
157
0
19220
158
0
19343
159
0
19466
160
0
19589
161
0
19712
162
0
19835
163
0
19958
164
0
20081
165
0
20204
166
0
20327
167
0
20450
168
0
20573
169
0
20696
170
0
20819
171
0
20942
172
0
21065
173
0
21188
174
0
21311
175
0
21434
176
0
21557
177
0
21680
178
0
21803
179
0
21926
180
0
22049
181
0
22172
182
0
22295
183
0
22418
184
0
22541
185
0
22664
186
0
22787
187
0
22910
188
0
23033
189
0
23156
190
0
23279
191
0
23402
192
0
23525
193
0
23648
194
0
23771
195
0
23894
196
0
24017
197
0
24140
198
0
24263
199
0
24386
200
0
24509
201
0
24632
202
0
24755
203
0
24878
204
0
25001
205
0
25124
206
0
25247
207
0
25370
208
0
25493
209
0
25616
210
0
25739
211
0
25862
212
0
25985
213
0
26108
214
0
26231
215
0
26354
216
0
26477
217
0
26600
218
0
26723
219
0
26846
220
0
26969
221
0
27092
222
0
27215
223
0
27338
224
0
27461
225
0
27584
226
0
27707
227
0
27830
228
0
27953
229
0
28076
230
0
28199
231
0
28322
232
0
28445
233
0
28568
234
0
28691
235
0
28814
236
0
28937
237
0
29060
238
0
29183
239
0
29306
240
0
29429
241
0
29552
242
0
29675
243
0
29798
244
0
29921
245
0
30044
246
0
30167
247
0
30290
248
0
30413
249
0
30536
250
0
30659
251
0
30782
1
0
0
2
5051
0
3
10226
0
4
10130
0
5
10034
0
6
9938
0
7
9842
17
8
9746
140
9
9650
263
10
9554
386
11
9458
509
12
9362
632
13
9266
755
14
9170
878
15
9074
1001
16
8978
1124
17
8882
1247
18
8786
1370
19
8690
1493
20
8594
1616
21
8498
1739
22
8402
1862
23
8306
1985
24
8210
2108
25
8114
2231
26
8018
2354
27
7922
2477
28
7826
2600
29
7730
2723
30
7634
2846
31
7538
2969
32
7442
3092
33
10107
35343
34
0
3589
35
0
3712
36
0
3835
37
0
3958
38
0
4081
39
0
4204
40
0
4327
41
0
4450
42
0
4573
43
0
4696
44
0
4819
45
0
4942
46
0
5065
47
0
5188
48
0
5311
49
0
5434
50
0
5557
51
0
5680
52
0
5803
53
0
5926
54
0
6049
55
0
6172
56
0
6295
57
0
6418
58
0
6541
59
0
6664
60
0
6787
61
0
6910
62
0
7033
63
0
7156
64
0
7279
65
1764
7653
66
0
39904
67
0
8150
68
0
8273
69
0
8396
70
0
8519
71
0
8642
72
0
8765
73
0
8888
74
0
9011
75
0
9134
76
0
9257
77
0
9380
78
0
9503
79
0
9626
80
0
9749
81
0
9872
82
0
9995
83
0
10118
84
0
10241
85
0
10364
86
0
10487
87
0
10610
88
0
10733
89
0
10856
90
0
10979
91
0
11102
92
0
11225
93
0
11348
94
0
11471
95
0
11594
96
0
11717
97
0
11840
98
0
11963
99
0
12086
100
0
12209
101
0
12332
102
0
12455
103
0
12578
104
0
12701
105
0
12824
106
0
12947
107
0
13070
108
0
13193
109
0
13316
110
0
13439
111
0
13562
112
0
13685
113
0
13808
114
0
13931
115
0
14054
116
0
14177
117
0
14300
118
0
14423
119
0
14546
120
0
14669
121
0
14792
122
0
14915
123
0
15038
124
0
15161
125
0
15284
126
0
15407
127
0
15530
128
0
15653
129
0
15776
130
0
15899
131
0
16022
132
0
16145
133
0
16268
134
0
16391
135
0
16514
136
0
16637
137
0
16760
138
0
16883
139
0
17006
140
0
17129
141
0
17252
142
0
17375
143
0
17498
144
0
17621
145
0
17744
146
0
17867
147
0
17990
148
0
18113
149
0
18236
150
0
18359
151
0
18482
152
0
18605
153
0
18728
154
0
18851
155
0
18974
156
0
19097
157
0
19220
158
0
19343
159
0
19466
160
0
19589
161
0
19712
162
0
19835
163
0
19958
164
0
20081
165
0
20204
166
0
20327
167
0
20450
168
0
20573
169
0
20696
170
0
20819
171
0
20942
172
0
21065
173
0
21188
174
0
21311
175
0
21434
176
0
21557
177
0
21680
178
0
21803
179
0
21926
180
0
22049
181
0
22172
182
0
22295
183
0
22418
184
0
22541
185
0
22664
186
0
22787
187
0
22910
188
0
23033
189
0
23156
190
0
23279
191
0
23402
192
0
23525
193
0
23648
194
0
23771
195
0
23894
196
0
24017
197
0
24140
198
0
24263
199
0
24386
200
0
24509
201
0
24632
202
0
24755
203
0
24878
204
0
25001
205
0
25124
206
0
25247
207
0
25370
208
0
25493
209
0
25616
210
0
25739
211
0
25862
212
0
25985
213
0
26108
214
0
26231
215
0
26354
216
0
26477
217
0
26600
218
0
26723
219
0
26846
220
0
26969
221
0
27092
222
0
27215
223
0
27338
224
0
27461
225
0
27584
226
0
27707
227
0
27830
228
0
27953
229
0
28076
230
0
28199
231
0
28322
232
0
28445
233
0
28568
234
0
28691
235
0
28814
236
0
28937
237
0
29060
238
0
29183
239
0
29306
240
0
29429
241
0
29552
242
0
29675
243
0
29798
244
0
29921
245
0
30044
246
0
30167
247
0
30290
248
0
30413
249
0
30536
250
0
30659
251
0
30782
1
0
0
2
5051
0
3
10226
0
4
10130
0
5
10034
0
6
9938
0
7
9842
17
8
9746
140
9
9650
263
10
9554
386
11
9458
509
12
9362
632
13
9266
755
14
9170
878
15
9074
1001
16
8978
1124
17
8882
1247
18
8786
1370
19
8690
1493
20
8594
1616
21
8498
1739
22
8402
1862
23
8306
1985
24
8210
2108
25
8114
2231
26
8018
2354
27
7922
2477
28
7826
2600
29
7730
2723
30
7634
2846
31
7538
2969
32
7442
3092
33
10107
35343
34
0
3589
35
0
3712
36
0
3835
37
0
3958
38
0
4081
39
0
4204
40
0
4327
41
0
4450
42
0
4573
43
0
4696
44
0
4819
45
0
4942
46
0
5065
47
0
5188
48
0
5311
49
0
5434
50
0
5557
51
0
5680
52
0
5803
53
0
5926
54
0
6049
55
0
6172
56
0
6295
57
0
6418
58
0
6541
59
0
6664
60
0
6787
61
0
6910
62
0
7033
63
0
7156
64
0
7279
65
1764
7653
66
0
39904
67
0
8150
68
0
8273
69
0
8396
70
0
8519
71
0
8642
72
0
8765
73
0
8888
74
0
9011
75
0
9134
76
0
9257
77
0
9380
78
0
9503
79
0
9626
80
0
9749
81
0
9872
82
0
9995
83
0
10118
84
0
10241
85
0
10364
86
0
10487
187
0
5077
118
0
10537
236
0
21839
217
0
44828
179
0
25270
103
0
18793
207
0
5712
158
0
44574
61
0
0
123
1348
16622
247
0
34264
239
0
36141
223
0
40278
191
0
15913
126
0
0
253
0
32797
250
0
33593
244
0
35054
233
0
5593
211
0
44975
166
0
25436
76
0
18997
153
0
5736
51
3810
0
102
1307
24727
205
0
17962
154
0
36818
53
0
8737
106
0
17984
212
0
4093
168
0
8825
81
964
18416
163
0
37598
70
0
10936
140
0
0
24
9621
12379
48
0
25395
96
0
18661
193
0
5063
131
5784
10891
7
0
22164
14
1386
0
29
5529
0
58
4115
19596
117
7258
7189
234
0
47527
213
0
30411
170
0
0
85
0
25638
171
0
19275
87
0
6674
175
0
13857
95
0
28861
190
0
25593
124
0
19184
249
0
38749
242
0
12984
229
0
26220
202
0
20822
148
0
42409
40
0
0
80
0
8606
161
402
17850
66
1925
3698
132
0
7777
9
6765
16831
19
0
1660
39
18164
4213
79
0
8935
159
0
18506
63
0
4752
127
9423
10140
255
0
54067
254
0
43363
252
0
21571
248
0
11267
240
0
23172
225
0
14852
194
0
30599
133
0
29833
11
5490
0
23
0
0
47
10094
16824
94
0
1517
188
0
36311
120
0
8364
241
0
49878
227
0
2602
198
0
38353
141
0
12318
26
7504
0
52
0
19443
104
0
39526
208
0
14155
160
0
0
64
0
25258
128
0
18387
1
14709
5028
2
0
10438
4
10469
0
8
0
10515
17
3782
0
35
10267
10181
71
0
0
142
0
9224
28
936
19085
56
2466
6040
113
0
12591
226
0
25564
196
0
18615
137
0
5610
18
0
11988
37
0
25251
75
0
18499
151
0
4865
46
0
10110
92
3494
0
184
0
41713
112
0
0
224
0
37824
192
0
11391
129
0
23675
3
0
15988
6
0
358
12
2487
1483
25
0
3349
50
11757
6953
100
3892
14289
201
0
29088
146
0
26047
36
0
19835
73
0
7539
147
0
15459
38
0
0
77
0
0
155
0
27006
55
0
0
110
8127
11500
220
0
23894
185
0
15787
114
0
0
228
0
32936
200
0
34128
144
0
36765
32
0
9017
65
0
18670
130
0
5081
5
6128
10670
10
0
0
21
13807
0
43
1857
22758
86
0
0
173
0
27153
91
0
22687
182
0
46012
109
0
27892
218
0
23272
181
0
14286
107
0
0
214
0
26419
172
0
20709
89
6874
9671
178
0
52494
101
0
7833
203
0
15792
150
0
32221
44
0
0
88
0
0
176
0
30168
97
0
0
195
0
24793
135
0
17583
15
0
3035
31
3186
0
62
11908
14692
125
0
30150
251
0
61065
246
0
24336
237
0
16411
219
0
33588
183
0
35556
111
0
6342
222
0
13194
189
0
27153
122
0
0
245
0
44992
235
0
25853
215
0
52215
174
0
7403
93
0
15315
186
0
31013
116
0
0
232
0
27789
209
0
23705
162
0
15664
68
0
31966
136
0
0
16
17729
0
33
0
31201
67
0
0
134
1138
0
13
0
24055
27
0
0
54
20098
0
108
0
33060
216
0
33990
177
0
3466
99
0
7443
199
0
15779
143
0
32578
30
0
131
60
10385
1154
121
0
35586
243
0
39168
231
0
13436
206
0
26998
156
0
22248
57
0
0
115
0
25625
230
0
19630
204
0
39770
152
0
15026
49
0
0
98
0
30145
197
0
0
139
0
25340
22
0
18678
45
7329
5864
90
0
12111
180
2525
24732
105
0
17590
210
0
35435
164
0
6228
72
4492
12839
145
0
26187
34
1558
0
69
0
9122
138
0
18754
20
8660
5122
41
0
10752
82
0
0
165
8691
11384
74
0
23789
149
0
15575
42
0
0
84
0
0
169
0
31525
83
4249
0
167
0
31114
78
0
30481
157
0
0
59
0
0
119
3431
20205
238
0
41559
221
0
50988
187
0
5077
118
0
10537
236
0
21839
217
0
44828
179
0
25270
103
0
18793
207
0
5712
158
0
44574
61
0
0
123
1348
16622
247
0
34264
239
0
36141
223
0
40278
191
0
15913
126
0
0
253
0
32797
250
0
33593
244
0
35054
233
0
5593
211
0
44975
166
0
25436
76
0
18997
153
0
5736
51
3810
0
102
1307
24727
205
0
17962
154
0
36818
53
0
8737
106
0
17984
212
0
4093
168
0
8825
81
964
18416
163
0
37598
70
0
10936
140
0
0
24
9621
12379
48
0
25395
96
0
18661
193
0
5063
131
5784
10891
7
0
22164
14
1386
0
29
5529
0
58
4115
19596
117
7258
7189
234
0
47527
213
0
30411
170
0
0
85
0
25638
171
0
19275
87
0
6674
175
0
13857
95
0
28861
190
0
25593
124
0
19184
249
0
38749
242
0
12984
229
0
26220
202
0
20822
148
0
42409
40
0
0
80
0
8606
161
402
17850
66
1925
3698
132
0
7777
9
6765
16831
19
0
1660
39
18164
4213
79
0
8935
159
0
18506
63
0
4752
127
9423
10140
255
0
54067
254
0
43363
252
0
21571
248
0
11267
240
0
23172
225
0
14852
194
0
30599
133
0
29833
11
5490
0
23
0
0
47
10094
16824
94
0
1517
188
0
36311
120
0
8364
241
0
49878
227
0
2602
198
0
38353
141
0
12318
26
7504
0
52
0
19443
104
0
39526
208
0
14155
160
0
0
64
0
25258
128
0
18387
1
14709
5028
2
0
10438
4
10469
0
8
0
10515
17
3782
0
35
10267
10181
71
0
0
142
0
9224
28
936
19085
56
2466
6040
113
0
12591
226
0
25564
196
0
18615
137
0
5610
18
0
11988
37
0
25251
75
0
18499
151
0
4865
46
0
10110
92
3494
0
184
0
41713
112
0
0
224
0
37824
192
0
11391
129
0
23675
3
0
15988
6
0
358
12
2487
1483
25
0
3349
50
11757
6953
100
3892
14289
201
0
29088
146
0
26047
36
0
19835
73
0
7539
147
0
15459
38
0
0
77
0
0
155
0
27006
55
0
0
110
8127
11500
220
0
23894
185
0
15787
114
0
0
228
0
32936
200
0
34128
144
0
36765
32
0
9017
65
0
18670
130
0
5081
5
6128
10670
10
0
0
21
13807
0
43
1857
22758
86
0
0
173
0
27153
91
0
22687
182
0
46012
109
0
27892
218
0
23272
181
0
14286
107
0
0
214
0
26419
172
0
20709
89
6874
9671
178
0
52494
101
0
7833
203
0
15792
150
0
32221
44
0
0
88
0
0
176
0
30168
97
0
0
195
0
24793
135
0
17583
15
0
3035
31
3186
0
62
11908
14692
125
0
30150
251
0
61065
246
0
24336
237
0
16411
219
0
33588
183
0
35556
111
0
6342
222
0
13194
189
0
27153
122
0
0
245
0
44992
235
0
25853
215
0
52215
174
0
7403
93
0
15315
186
0
31013
116
0
0
232
0
27789
209
0
23705
162
0
15664
68
0
31966
136
0
0
16
17729
0
33
0
31201
67
0
0
134
1138
0
13
0
24055
27
0
0
54
20098
0
108
0
33060
216
0
33990
177
0
3466
99
0
7443
199
0
15779
143
0
32578
30
0
131
60
10385
1154
121
0
35586
243
0
39168
231
0
13436
206
0
26998
156
0
22248
57
0
0
115
0
25625
230
0
19630
204
0
39770
152
0
15026
49
0
0
98
0
30145
197
0
0
139
0
25340
22
0
18678
45
7329
5864
90
0
12111
180
2525
24732
105
0
17590
210
0
35435
164
0
6228
72
4492
12839
145
0
26187
34
1558
0
69
0
9122
138
0
18754
20
8660
5122
41
0
10752
82
0
0
165
8691
11384
74
0
23789
149
0
15575
42
0
0
84
0
0
169
0
31525
83
4249
0
167
0
31114
78
0
30481
157
0
0
59
0
0
119
3431
20205
238
0
41559
221
0
50988
187
0
5077
118
0
10537
236
0
21839
217
0
44828
179
0
25270
103
0
18793
207
0
5712
158
0
44574
61
0
0
123
1348
16622
247
0
34264
239
0
36141
223
0
40278
191
0
15913
26
7504
0
52
0
19443
104
0
39526
208
0
14155
160
0
0
64
0
25258
128
0
18387
1
14709
5028
2
0
10438
4
10469
0
8
0
10515
17
3782
0
35
10267
10181
71
0
0
142
0
9224
28
936
19085
56
2466
6040
113
0
12591
226
0
25564
196
0
18615
137
0
5610
18
0
11988
37
0
25251
75
0
18499
151
0
4865
46
0
10110
92
3494
0
184
0
41713
112
0
0
224
0
37824
192
0
11391
129
0
23675
3
0
15988
6
0
358
12
2487
1483
25
0
3349
50
11757
6953
100
3892
14289
201
0
29088
146
0
26047
36
0
19835
73
0
7539
147
0
15459
38
0
0
77
0
0
155
0
27006
55
0
0
110
8127
11500
220
0
23894
185
0
15787
114
0
0
228
0
32936
200
0
34128
144
0
36765
32
0
9017
65
0
18670
130
0
5081
5
6128
10670
10
0
0
21
13807
0
43
1857
22758
86
0
0
173
0
27153
91
0
22687
182
0
46012
109
0
27892
218
0
23272
181
0
14286
107
0
0
214
0
26419
172
0
20709
89
6874
9671
178
0
52494
101
0
7833
203
0
15792
150
0
32221
44
0
0
88
0
0
176
0
30168
97
0
0
195
0
24793
135
0
17583
15
0
3035
31
3186
0
62
11908
14692
125
0
30150
251
0
61065
246
0
24336
237
0
16411
219
0
33588
183
0
35556
111
0
6342
222
0
13194
189
0
27153
122
0
0
245
0
44992
235
0
25853
215
0
52215
174
0
7403
93
0
15315
186
0
31013
116
0
0
232
0
27789
209
0
23705
162
0
15664
68
0
31966
136
0
0
16
17729
0
33
0
31201
67
0
0
134
1138
0
13
0
24055
27
0
0
54
20098
0
108
0
33060
216
0
33990
177
0
3466
99
0
7443
199
0
15779
143
0
32578
30
0
131
60
10385
1154
121
0
35586
243
0
39168
231
0
13436
206
0
26998
156
0
22248
57
0
0
115
0
25625
230
0
19630
204
0
39770
152
0
15026
49
0
0
98
0
30145
197
0
0
139
0
25340
22
0
18678
45
7329
5864
90
0
12111
180
2525
24732
105
0
17590
210
0
35435
164
0
6228
72
4492
12839
145
0
26187
34
1558
0
69
0
9122
138
0
18754
20
8660
5122
41
0
10752
82
0
0
165
8691
11384
74
0
23789
149
0
15575
42
0
0
84
0
0
169
0
31525
83
4249
0
167
0
31114
78
0
30481
157
0
0
59
0
0
119
3431
20205
238
0
41559
221
0
50988
187
0
5077
118
0
10537
236
0
21839
217
0
44828
179
0
25270
103
0
18793
207
0
5712
158
0
44574
61
0
0
123
1348
16622
247
0
34264
239
0
36141
223
0
40278
191
0
15913
126
0
0
253
0
32797
250
0
33593
244
0
35054
233
0
5593
211
0
44975
166
0
25436
76
0
18997
153
0
5736
51
3810
0
102
1307
24727
205
0
17962
154
0
36818
53
0
8737
106
0
17984
212
0
4093
168
0
8825
81
964
18416
163
0
37598
70
0
10936
140
0
0
24
9621
12379
48
0
25395
96
0
18661
193
0
5063
131
5784
10891
7
0
22164
14
1386
0
29
5529
0
58
4115
19596
117
7258
7189
234
0
47527
213
0
30411
170
0
0
85
0
25638
171
0
19275
87
0
6674
175
0
13857
95
0
28861
190
0
25593
124
0
19184
249
0
38749
242
0
12984
229
0
26220
202
0
20822
148
0
42409
40
0
0
80
0
8606
161
402
17850
66
1925
3698
132
0
7777
9
6765
16831
19
0
1660
39
18164
4213
79
0
8935
159
0
18506
63
0
4752
127
9423
10140
255
0
54067
254
0
43363
252
0
21571
248
0
11267
240
0
23172
225
0
14852
194
0
30599
133
0
29833
11
5490
0
23
0
0
47
10094
16824
94
0
1517
188
0
36311
120
0
8364
241
0
49878
227
0
2602
198
0
38353
141
0
12318
26
7504
0
52
0
19443
104
0
39526
208
0
14155
160
0
0
64
0
25258
128
0
18387
1
14709
5028
2
0
10438
4
10469
0
8
0
10515
17
3782
0
35
10267
10181
71
0
0
142
0
9224
28
936
19085
56
2466
6040
113
0
12591
226
0
25564
196
0
18615
137
0
5610
18
0
11988
37
0
25251
75
0
18499
151
0
4865
46
0
10110
92
3494
0
184
0
41713
112
0
0
224
0
37824
192
0
11391
129
0
23675
3
0
15988
6
0
358
12
2487
1483
25
0
3349
50
11757
6953
100
3892
14289
201
0
29088
146
0
26047
36
0
19835
73
0
7539
147
0
15459
38
0
0
77
0
0
155
0
27006
55
0
0
110
8127
11500
220
0
23894
185
0
15787
114
0
0
228
0
32936
200
0
34128
144
0
36765
32
0
9017
65
0
18670
130
0
5081
5
6128
10670
10
0
0
21
13807
0
43
1857
22758
86
0
0
173
0
27153
91
0
22687
182
0
46012
109
0
27892
218
0
23272
181
0
14286
107
0
0
214
0
26419
172
0
20709
89
6874
9671
178
0
52494
101
0
7833
203
0
15792
150
0
32221
44
0
0
88
0
0
176
0
30168
97
0
0
195
0
24793
135
0
17583
15
0
3035
31
3186
0
62
11908
14692
125
0
30150
251
0
61065
246
0
24336
237
0
16411
219
0
33588
183
0
35556
111
0
6342
222
0
13194
189
0
27153
122
0
0
245
0
44992
235
0
25853
215
0
52215
174
0
7403
93
0
15315
186
0
31013
116
0
0
232
0
27789
209
0
23705
162
0
15664
68
0
31966
136
0
0
16
17729
0
33
0
31201
67
0
0
134
1138
0
13
0
24055
27
0
0
54
20098
0
108
0
33060
216
0
33990
177
0
3466
99
0
7443
199
0
15779
143
0
32578
30
0
131
60
10385
1154
121
0
35586
243
0
39168
231
0
13436
206
0
26998
156
0
22248
57
0
0
115
0
25625
230
0
19630
204
0
39770
152
0
15026
49
0
0
98
0
30145
197
0
0
139
0
25340
22
0
18678
45
7329
5864
90
0
12111
180
2525
24732
105
0
17590
210
0
35435
164
0
6228
72
4492
12839
145
0
26187
34
1558
0
69
0
9122
138
0
18754
20
8660
5122
41
0
10752
82
0
0
165
8691
11384
74
0
23789
149
0
15575
42
0
0
84
0
0
169
0
31525
83
4249
0
167
0
31114
78
0
30481
157
0
0
59
0
0
119
3431
20205
238
0
41559
221
0
50988
187
0
5077
118
0
10537
236
0
21839
217
0
44828
179
0
25270
103
0
18793
207
0
5712
158
0
44574
61
0
0
123
1348
16622
247
0
34264
239
0
36141
223
0
40278
191
0
15913
126
0
0
253
0
32797
250
0
33593
244
0
35054
233
0
5593
211
0
44975
166
0
25436
76
0
18997
153
0
5736
51
3810
0
102
1307
24727
205
0
17962
154
0
36818
53
0
8737
106
0
17984
212
0
4093
168
0
8825
81
964
18416
163
0
37598
70
0
10936
140
0
0
24
9621
12379
48
0
25395
96
0
18661
193
0
5063
131
5784
10891
7
0
22164
14
1386
0
29
5529
0
58
4115
19596
117
7258
7189
234
0
47527
213
0
30411
170
0
0
85
0
25638
171
0
19275
87
0
6674
175
0
13857
95
0
28861
190
0
25593
124
0
19184
249
0
38749
242
0
12984
229
0
26220
202
0
20822
148
0
42409
40
0
0
80
0
8606
161
402
17850
66
1925
3698
132
0
7777
9
6765
16831
19
0
1660
39
18164
4213
79
0
8935
159
0
18506
63
0
4752
127
9423
10140
255
0
54067
254
0
43363
252
0
21571
248
0
11267
240
0
23172
225
0
14852
194
0
30599
133
0
29833
11
5490
0
23
0
0
47
10094
16824
94
0
1517
188
0
36311
120
0
8364
241
0
49878
227
0
2602
198
0
38353
141
0
12318
26
7504
0
52
0
19443
104
0
39526
208
0
14155
160
0
0
64
0
25258
128
0
18387
1
14709
5028
2
0
10438
4
10469
0
8
0
10515
17
3782
0
35
10267
10181
71
0
0
183
0
35556
111
0
6342
222
0
13194
189
0
27153
122
0
0
245
0
44992
235
0
25853
215
0
52215
174
0
7403
93
0
15315
186
0
31013
116
0
0
232
0
27789
209
0
23705
162
0
15664
68
0
31966
136
0
0
16
17729
0
33
0
31201
67
0
0
134
1138
0
13
0
24055
27
0
0
54
20098
0
108
0
33060
216
0
33990
177
0
3466
99
0
7443
199
0
15779
143
0
32578
30
0
131
60
10385
1154
121
0
35586
243
0
39168
231
0
13436
206
0
26998
156
0
22248
57
0
0
115
0
25625
230
0
19630
204
0
39770
152
0
15026
49
0
0
98
0
30145
197
0
0
139
0
25340
22
0
18678
45
7329
5864
90
0
12111
180
2525
24732
105
0
17590
210
0
35435
164
0
6228
72
4492
12839
145
0
26187
34
1558
0
69
0
9122
138
0
18754
20
8660
5122
41
0
10752
82
0
0
165
8691
11384
74
0
23789
149
0
15575
42
0
0
84
0
0
169
0
31525
83
4249
0
167
0
31114
78
0
30481
157
0
0
59
0
0
119
3431
20205
238
0
41559
221
0
50988
187
0
5077
118
0
10537
236
0
21839
217
0
44828
179
0
25270
103
0
18793
207
0
5712
158
0
44574
61
0
0
123
1348
16622
247
0
34264
239
0
36141
223
0
40278
191
0
15913
126
0
0
253
0
32797
250
0
33593
244
0
35054
233
0
5593
211
0
44975
166
0
25436
76
0
18997
153
0
5736
51
3810
0
102
1307
24727
205
0
17962
154
0
36818
53
0
8737
106
0
17984
212
0
4093
168
0
8825
81
964
18416
163
0
37598
70
0
10936
140
0
0
24
9621
12379
48
0
25395
96
0
18661
193
0
5063
131
5784
10891
7
0
22164
14
1386
0
29
5529
0
58
4115
19596
117
7258
7189
234
0
47527
213
0
30411
170
0
0
85
0
25638
171
0
19275
87
0
6674
175
0
13857
95
0
28861
190
0
25593
124
0
19184
249
0
38749
242
0
12984
229
0
26220
202
0
20822
148
0
42409
40
0
0
80
0
8606
161
402
17850
66
1925
3698
132
0
7777
9
6765
16831
19
0
1660
39
18164
4213
79
0
8935
159
0
18506
63
0
4752
127
9423
10140
255
0
54067
254
0
43363
252
0
21571
248
0
11267
240
0
23172
225
0
14852
194
0
30599
133
0
29833
11
5490
0
23
0
0
47
10094
16824
94
0
1517
188
0
36311
120
0
8364
241
0
49878
227
0
2602
198
0
38353
141
0
12318
26
7504
0
52
0
19443
104
0
39526
208
0
14155
160
0
0
64
0
25258
128
0
18387
1
14709
5028
2
0
10438
4
10469
0
8
0
10515
17
3782
0
35
10267
10181
71
0
0
142
0
9224
28
936
19085
56
2466
6040
113
0
12591
226
0
25564
196
0
18615
137
0
5610
18
0
11988
37
0
25251
75
0
18499
151
0
4865
46
0
10110
92
3494
0
184
0
41713
112
0
0
224
0
37824
192
0
11391
129
0
23675
3
0
15988
6
0
358
12
2487
1483
25
0
3349
50
11757
6953
100
3892
14289
201
0
29088
146
0
26047
36
0
19835
73
0
7539
147
0
15459
38
0
0
77
0
0
155
0
27006
55
0
0
110
8127
11500
220
0
23894
185
0
15787
114
0
0
228
0
32936
200
0
34128
144
0
36765
32
0
9017
65
0
18670
130
0
5081
5
6128
10670
10
0
0
21
13807
0
43
1857
22758
86
0
0
173
0
27153
91
0
22687
182
0
46012
109
0
27892
218
0
23272
181
0
14286
107
0
0
214
0
26419
172
0
20709
89
6874
9671
178
0
52494
101
0
7833
203
0
15792
150
0
32221
44
0
0
88
0
0
176
0
30168
97
0
0
195
0
24793
135
0
17583
15
0
3035
31
3186
0
62
11908
14692
125
0
30150
251
0
61065
246
0
24336
237
0
16411
219
0
33588
183
0
35556
111
0
6342
222
0
13194
189
0
27153
122
0
0
245
0
44992
235
0
25853
215
0
52215
174
0
7403
93
0
15315
186
0
31013
116
0
0
232
0
27789
209
0
23705
162
0
15664
68
0
31966
136
0
0
16
17729
0
33
0
31201
67
0
0
134
1138
0
13
0
24055
27
0
0
54
20098
0
108
0
33060
216
0
33990
177
0
3466
99
0
7443
199
0
15779
143
0
32578
30
0
131
60
10385
1154
121
0
35586
243
0
39168
231
0
13436
206
0
26998
156
0
22248
57
0
0
115
0
25625
230
0
19630
204
0
39770
152
0
15026
49
0
0
98
0
30145
197
0
0
139
0
25340
22
0
18678
45
7329
5864
90
0
12111
180
2525
24732
105
0
17590
210
0
35435
164
0
6228
72
4492
12839
145
0
26187
34
1558
0
69
0
9122
138
0
18754
20
8660
5122
41
0
10752
82
0
0
165
8691
11384
74
0
23789
149
0
15575
42
0
0
84
0
0
169
0
31525
83
4249
0
167
0
31114
78
0
30481
157
0
0
59
0
0
119
3431
20205
238
0
41559
221
0
50988
187
0
5077
118
0
10537
236
0
21839
217
0
44828
179
0
25270
103
0
18793
207
0
5712
158
0
44574
61
0
0
123
1348
16622
247
0
34264
239
0
36141
223
0
40278
191
0
15913
126
0
0
253
0
32797
250
0
33593
244
0
35054
233
0
5593
211
0
44975
166
0
25436
76
0
18997
153
0
5736
51
3810
0
102
1307
24727
205
0
17962
154
0
36818
53
0
8737
106
0
17984
212
0
4093
168
0
8825
81
964
18416
163
0
37598
70
0
10936
140
0
0
24
9621
12379
48
0
25395
96
0
18661
193
0
5063
131
5784
10891
7
0
22164
14
1386
0
29
5529
0
58
4115
19596
117
7258
7189
234
0
47527
213
0
30411
170
0
0
85
0
25638
171
0
19275
87
0
6674
175
0
13857
95
0
28861
190
0
25593
124
0
19184
249
0
38749
242
0
12984
229
0
26220
202
0
20822
148
0
42409
40
0
0
80
0
8606
161
402
17850
66
1925
3698
132
0
7777
9
6765
16831
19
0
1660
39
18164
4213
79
0
8935
159
0
18506
63
0
4752
127
9423
10140
255
0
54067
254
0
43363
252
0
21571
248
0
11267
240
0
23172
225
0
14852
194
0
30599
133
0
29833
11
5490
0
23
0
0
47
10094
16824
94
0
1517
188
0
36311
120
0
8364
241
0
49878
227
0
2602
198
0
38353
141
0
12318
26
7504
0
52
0
19443
104
0
39526
208
0
14155
160
0
0
64
0
25258
128
0
18387
1
14709
5028
2
0
10438
4
10469
0
8
0
10515
17
3782
0
35
10267
10181
71
0
0
142
0
9224
28
936
19085
56
2466
6040
113
0
12591
226
0
25564
196
0
18615
137
0
5610
18
0
11988
37
0
25251
75
0
18499
151
0
4865
46
0
10110
92
3494
0
184
0
41713
112
0
0
224
0
37824
192
0
11391
129
0
23675
3
0
15988
6
0
358
12
2487
1483
25
0
3349
50
11757
6953
100
3892
14289
201
0
29088
146
0
26047
36
0
19835
73
0
7539
147
0
15459
38
0
0
77
0
0
155
0
27006
55
0
0
110
8127
11500
220
0
23894
185
0
15787
114
0
0
228
0
32936
200
0
34128
144
0
36765
32
0
9017
65
0
18670
130
0
5081
5
6128
10670
10
0
0
21
13807
0
43
1857
22758
86
0
0
173
0
27153
91
0
22687
182
0
46012
109
0
27892
218
0
23272
181
0
14286
107
0
0
214
0
26419
172
0
20709
89
6874
9671
178
0
52494
101
0
7833
203
0
15792
150
0
32221
44
0
0
88
0
0
176
0
30168
97
0
0
195
0
24793
135
0
17583
15
0
3035
31
3186
0
62
11908
14692
125
0
30150
251
0
61065
246
0
24336
237
0
16411
219
0
33588
183
0
35556
111
0
6342
222
0
13194
189
0
27153
122
0
0
245
0
44992
235
0
25853
215
0
52215
174
0
7403
93
0
15315
186
0
31013
116
0
0
232
0
27789
209
0
23705
