100
-4214
-912
101
-4268
-920
102
-4322
-928
103
-4376
-936
104
-4430
-944
105
-4484
-952
106
-4538
-960
107
-4592
-968
108
-4646
-976
109
-4700
-984
110
-4754
-992
111
-4808
-1000
112
-4862
-1008
113
-4916
-1016
114
-4970
-1024
115
-5024
-1032
116
-5078
-1040
117
-5132
-1048
118
-5186
-1056
119
-5240
-1064
120
-5294
-1072
121
-5348
-1080
122
-5402
-1088
123
-5456
-1096
124
-5510
-1104
125
-5564
-1112
126
-5618
-1120
127
-5672
-1128
128
-5726
-1136
129
-5780
-1144
130
-5834
-1152
131
-5888
-1160
132
-5942
-1168
133
-5996
-1176
134
-6050
-1184
135
-6104
-1192
136
-6158
-1200
137
-6212
-1208
138
-6266
-1216
139
-6320
-1224
140
-6374
-1232
141
-6428
-1240
142
-6482
-1248
143
-6536
-1256
144
-6590
-1264
145
-6644
-1272
146
-6698
-1280
147
-6752
-1288
148
-6806
-1296
149
-6860
-1304
150
-6914
-1312
151
-6968
-1320
152
-7022
-1328
153
-7076
-1336
154
-7130
-1344
155
-7184
-1352
156
-7238
-1360
157
-7292
-1368
158
-7346
-1376
159
-7400
-1384
160
-7454
-1392
161
-7508
-1400
162
-7562
-1408
163
-7616
-1416
164
-7670
-1424
165
-7724
-1432
166
-7778
-1440
167
-7832
-1448
168
-7886
-1456
169
-7940
-1464
170
-7994
-1472
171
-8048
-1480
172
-8102
-1488
173
-8156
-1496
174
-8210
-1504
175
-8264
-1512
176
-8318
-1520
177
-8372
-1528
178
-8426
-1536
179
-8480
-1544
180
-8534
-1552
181
-8588
-1560
182
-8642
-1568
183
-8696
-1576
184
-8750
-1584
185
-8804
-1592
186
-8858
-1600
187
-8912
-1608
188
-8966
-1616
189
-9020
-1624
190
-9074
-1632
191
-9128
-1640
192
-9182
-1648
193
-9236
-1656
194
-9290
-1664
195
-9344
-1672
196
-9398
-1680
197
-9452
-1688
198
-9506
-1696
199
-9560
-1704
200
-9614
-1712
201
-9668
-1720
202
-9722
-1728
203
-9776
-1736
204
-9830
-1744
205
-9884
-1752
206
-9938
-1760
207
-9992
-1768
208
-10046
-1776
209
-10100
-1784
210
-10154
-1792
211
-10208
-1800
212
-10262
-1808
213
-10316
-1816
214
-10370
-1824
215
-10424
-1832
216
-10478
-1840
217
-10532
-1848
218
-10586
-1856
219
-10640
-1864
220
-10694
-1872
221
-10748
-1880
222
-10802
-1888
223
-10856
-1896
224
-10910
-1904
225
-10964
-1912
226
-11018
-1920
227
-11072
-1928
228
-11126
-1936
229
-11180
-1944
230
-11234
-1952
231
-11288
-1960
232
-11342
-1968
233
-11396
-1976
234
-11450
-1984
235
-11504
-1992
236
-11558
-2000
237
-11612
-2008
238
-11666
-2016
239
-11720
-2024
240
-11774
-2032
241
-11828
-2040
242
-11882
-2048
243
-11936
-2056
244
-11990
-2064
245
-12044
-2072
246
-12098
-2080
247
-12152
-2088
248
-12206
-2096
249
-12260
-2104
250
-12314
-2112
251
-12368
-2120
1
-29490
-2128
2
-5950
-1885
3
5793
30235
4
11763
-1650
5
11709
-1658
6
11655
-1666
7
11601
-1674
8
11547
-1682
9
11493
-1690
10
11439
-1698
11
11385
-1706
12
11331
-1714
13
11277
-1722
14
11223
-1730
15
11169
-1738
16
11115
-1746
17
11061
-1754
18
11007
-1762
19
10953
-1770
20
10899
-1778
21
10845
-1786
22
10791
-1794
23
10737
-1802
24
10683
-1810
25
10629
-1818
26
10575
-1826
27
10521
-1834
28
10467
-1842
29
10413
-1850
30
10359
-1858
31
10305
-1866
32
10251
-1874
33
-18919
-1882
34
-1403
-1639
35
-24800
30481
36
-4272
-1404
37
-4326
-1412
38
-4380
-1420
39
-4434
-1428
40
-4488
-1436
41
-4542
-1444
42
-4596
-1452
43
-4650
-1460
44
-4704
-1468
45
-4758
-1476
46
-4812
-1484
47
-4866
-1492
48
-4920
-1500
49
-4974
-1508
50
-5028
-1516
51
-5082
-1524
52
-5136
-1532
53
-5190
-1540
54
-5244
-1548
55
-5298
-1556
56
-5352
-1564
57
-5406
-1572
58
-5460
-1580
59
-5514
-1588
60
-5568
-1596
61
-5622
-1604
62
-5676
-1612
63
-5730
-1620
64
-5784
-1628
65
4453
-1636
66
9670
-1393
67
12377
30727
68
-18299
-1158
69
-18353
-1166
70
-18407
-1174
71
-18461
-1182
72
-18515
-1190
73
-18569
-1198
74
-18623
-1206
75
-18677
-1214
76
-18731
-1222
77
-18785
-1230
78
-18839
-1238
79
-18893
-1246
80
-18947
-1254
81
-19001
-1262
82
-19055
-1270
83
-19109
-1278
84
-19163
-1286
85
-19217
-1294
86
-19271
-1302
87
-19325
-1310
88
-19379
-1318
89
-19433
-1326
90
-19487
-1334
91
-19541
-1342
92
-19595
-1350
93
-19649
-1358
94
-19703
-1366
95
-19757
-1374
96
-19811
-1382
97
-3048
-1390
98
5432
-1147
99
-22483
30973
100
-4214
-912
101
-4268
-920
102
-4322
-928
103
-4376
-936
104
-4430
-944
105
-4484
-952
106
-4538
-960
107
-4592
-968
108
-4646
-976
109
-4700
-984
110
-4754
-992
111
-4808
-1000
112
-4862
-1008
113
-4916
-1016
114
-4970
-1024
115
-5024
-1032
116
-5078
-1040
117
-5132
-1048
118
-5186
-1056
119
-5240
-1064
120
-5294
-1072
121
-5348
-1080
122
-5402
-1088
123
-5456
-1096
124
-5510
-1104
125
-5564
-1112
126
-5618
-1120
127
-5672
-1128
128
-5726
-1136
129
-5780
-1144
130
-5834
-1152
131
-5888
-1160
132
-5942
-1168
133
-5996
-1176
134
-6050
-1184
135
-6104
-1192
136
-6158
-1200
137
-6212
-1208
138
-6266
-1216
139
-6320
-1224
140
-6374
-1232
141
-6428
-1240
142
-6482
-1248
143
-6536
-1256
144
-6590
-1264
145
-6644
-1272
146
-6698
-1280
147
-6752
-1288
148
-6806
-1296
149
-6860
-1304
150
-6914
-1312
151
-6968
-1320
152
-7022
-1328
153
-7076
-1336
154
-7130
-1344
155
-7184
-1352
156
-7238
-1360
157
-7292
-1368
158
-7346
-1376
159
-7400
-1384
160
-7454
-1392
161
-7508
-1400
162
-7562
-1408
163
-7616
-1416
164
-7670
-1424
165
-7724
-1432
166
-7778
-1440
167
-7832
-1448
168
-7886
-1456
169
-7940
-1464
170
-7994
-1472
171
-8048
-1480
172
-8102
-1488
173
-8156
-1496
174
-8210
-1504
175
-8264
-1512
176
-8318
-1520
177
-8372
-1528
178
-8426
-1536
179
-8480
-1544
180
-8534
-1552
181
-8588
-1560
182
-8642
-1568
183
-8696
-1576
184
-8750
-1584
185
-8804
-1592
186
-8858
-1600
187
-8912
-1608
188
-8966
-1616
189
-9020
-1624
190
-9074
-1632
191
-9128
-1640
192
-9182
-1648
193
-9236
-1656
194
-9290
-1664
195
-9344
-1672
196
-9398
-1680
197
-9452
-1688
198
-9506
-1696
199
-9560
-1704
200
-9614
-1712
201
-9668
-1720
202
-9722
-1728
203
-9776
-1736
204
-9830
-1744
205
-9884
-1752
206
-9938
-1760
207
-9992
-1768
208
-10046
-1776
209
-10100
-1784
210
-10154
-1792
211
-10208
-1800
212
-10262
-1808
213
-10316
-1816
214
-10370
-1824
215
-10424
-1832
216
-10478
-1840
217
-10532
-1848
218
-10586
-1856
219
-10640
-1864
220
-10694
-1872
221
-10748
-1880
222
-10802
-1888
223
-10856
-1896
224
-10910
-1904
225
-10964
-1912
226
-11018
-1920
227
-11072
-1928
228
-11126
-1936
229
-11180
-1944
230
-11234
-1952
231
-11288
-1960
232
-11342
-1968
233
-11396
-1976
234
-11450
-1984
235
-11504
-1992
236
-11558
-2000
237
-11612
-2008
238
-11666
-2016
239
-11720
-2024
240
-11774
-2032
241
-11828
-2040
242
-11882
-2048
243
-11936
-2056
244
-11990
-2064
245
-12044
-2072
246
-12098
-2080
247
-12152
-2088
248
-12206
-2096
249
-12260
-2104
250
-12314
-2112
251
-12368
-2120
1
-29490
-2128
2
-5950
-1885
3
5793
30235
4
11763
-1650
5
11709
-1658
6
11655
-1666
7
11601
-1674
8
11547
-1682
9
11493
-1690
10
11439
-1698
11
11385
-1706
12
11331
-1714
13
11277
-1722
14
11223
-1730
15
11169
-1738
16
11115
-1746
17
11061
-1754
18
11007
-1762
19
10953
-1770
20
10899
-1778
21
10845
-1786
22
10791
-1794
23
10737
-1802
24
10683
-1810
25
10629
-1818
26
10575
-1826
27
10521
-1834
28
10467
-1842
29
10413
-1850
30
10359
-1858
31
10305
-1866
32
10251
-1874
33
-18919
-1882
34
-1403
-1639
35
-24800
30481
36
-4272
-1404
37
-4326
-1412
38
-4380
-1420
39
-4434
-1428
40
-4488
-1436
41
-4542
-1444
42
-4596
-1452
43
-4650
-1460
44
-4704
-1468
45
-4758
-1476
46
-4812
-1484
47
-4866
-1492
48
-4920
-1500
49
-4974
-1508
50
-5028
-1516
51
-5082
-1524
52
-5136
-1532
53
-5190
-1540
54
-5244
-1548
55
-5298
-1556
56
-5352
-1564
57
-5406
-1572
58
-5460
-1580
59
-5514
-1588
60
-5568
-1596
61
-5622
-1604
62
-5676
-1612
63
-5730
-1620
64
-5784
-1628
65
4453
-1636
66
9670
-1393
67
12377
30727
68
-18299
-1158
69
-18353
-1166
70
-18407
-1174
71
-18461
-1182
72
-18515
-1190
73
-18569
-1198
74
-18623
-1206
75
-18677
-1214
76
-18731
-1222
77
-18785
-1230
78
-18839
-1238
79
-18893
-1246
80
-18947
-1254
81
-19001
-1262
82
-19055
-1270
83
-19109
-1278
84
-19163
-1286
85
-19217
-1294
86
-19271
-1302
87
-19325
-1310
88
-19379
-1318
89
-19433
-1326
90
-19487
-1334
91
-19541
-1342
92
-19595
-1350
93
-19649
-1358
94
-19703
-1366
95
-19757
-1374
96
-19811
-1382
97
-3048
-1390
98
5432
-1147
99
-22483
30973
100
-4214
-912
101
-4268
-920
102
-4322
-928
103
-4376
-936
104
-4430
-944
105
-4484
-952
106
-4538
-960
107
-4592
-968
108
-4646
-976
109
-4700
-984
110
-4754
-992
111
-4808
-1000
112
-4862
-1008
113
-4916
-1016
114
-4970
-1024
115
-5024
-1032
116
-5078
-1040
117
-5132
-1048
118
-5186
-1056
119
-5240
-1064
120
-5294
-1072
121
-5348
-1080
122
-5402
-1088
123
-5456
-1096
124
-5510
-1104
125
-5564
-1112
126
-5618
-1120
127
-5672
-1128
128
-5726
-1136
129
-5780
-1144
130
-5834
-1152
131
-5888
-1160
132
-5942
-1168
133
-5996
-1176
134
-6050
-1184
135
-6104
-1192
136
-6158
-1200
137
-6212
-1208
138
-6266
-1216
139
-6320
-1224
140
-6374
-1232
141
-6428
-1240
142
-6482
-1248
143
-6536
-1256
144
-6590
-1264
145
-6644
-1272
146
-6698
-1280
147
-6752
-1288
148
-6806
-1296
149
-6860
-1304
150
-6914
-1312
151
-6968
-1320
152
-7022
-1328
153
-7076
-1336
154
-7130
-1344
155
-7184
-1352
156
-7238
-1360
157
-7292
-1368
158
-7346
-1376
159
-7400
-1384
160
-7454
-1392
161
-7508
-1400
162
-7562
-1408
163
-7616
-1416
164
-7670
-1424
165
-7724
-1432
166
-7778
-1440
167
-7832
-1448
168
-7886
-1456
169
-7940
-1464
170
-7994
-1472
171
-8048
-1480
172
-8102
-1488
173
-8156
-1496
174
-8210
-1504
175
-8264
-1512
176
-8318
-1520
177
-8372
-1528
178
-8426
-1536
179
-8480
-1544
180
-8534
-1552
181
-8588
-1560
182
-8642
-1568
183
-8696
-1576
184
-8750
-1584
185
-8804
-1592
186
-8858
-1600
187
-8912
-1608
188
-8966
-1616
189
-9020
-1624
190
-9074
-1632
191
-9128
-1640
192
-9182
-1648
193
-9236
-1656
194
-9290
-1664
195
-9344
-1672
196
-9398
-1680
197
-9452
-1688
198
-9506
-1696
199
-9560
-1704
200
-9614
-1712
201
-9668
-1720
202
-9722
-1728
203
-9776
-1736
204
-9830
-1744
205
-9884
-1752
206
-9938
-1760
207
-9992
-1768
208
-10046
-1776
209
-10100
-1784
210
-10154
-1792
211
-10208
-1800
212
-10262
-1808
213
-10316
-1816
214
-10370
-1824
215
-10424
-1832
216
-10478
-1840
217
-10532
-1848
218
-10586
-1856
219
-10640
-1864
220
-10694
-1872
221
-10748
-1880
222
-10802
-1888
223
-10856
-1896
224
-10910
-1904
225
-10964
-1912
226
-11018
-1920
227
-11072
-1928
228
-11126
-1936
229
-11180
-1944
230
-11234
-1952
231
-11288
-1960
232
-11342
-1968
233
-11396
-1976
234
-11450
-1984
235
-11504
-1992
236
-11558
-2000
237
-11612
-2008
238
-11666
-2016
239
-11720
-2024
240
-11774
-2032
241
-11828
-2040
242
-11882
-2048
243
-11936
-2056
244
-11990
-2064
245
-12044
-2072
246
-12098
-2080
247
-12152
-2088
248
-12206
-2096
249
-12260
-2104
250
-12314
-2112
251
-12368
-2120
1
-29490
-2128
2
-5950
-1885
3
5793
30235
4
11763
-1650
5
11709
-1658
6
11655
-1666
7
11601
-1674
8
11547
-1682
9
11493
-1690
10
11439
-1698
11
11385
-1706
12
11331
-1714
13
11277
-1722
14
11223
-1730
15
11169
-1738
16
11115
-1746
17
11061
-1754
18
11007
-1762
19
10953
-1770
20
10899
-1778
21
10845
-1786
22
10791
-1794
23
10737
-1802
24
10683
-1810
25
10629
-1818
26
10575
-1826
27
10521
-1834
28
10467
-1842
29
10413
-1850
30
10359
-1858
31
10305
-1866
32
10251
-1874
33
-18919
-1882
34
-1403
-1639
35
-24800
30481
36
-4272
-1404
37
-4326
-1412
38
-4380
-1420
39
-4434
-1428
40
-4488
-1436
41
-4542
-1444
42
-4596
-1452
43
-4650
-1460
44
-4704
-1468
45
-4758
-1476
46
-4812
-1484
47
-4866
-1492
48
-4920
-1500
49
-4974
-1508
50
-5028
-1516
51
-5082
-1524
52
-5136
-1532
53
-5190
-1540
54
-5244
-1548
55
-5298
-1556
56
-5352
-1564
57
-5406
-1572
58
-5460
-1580
59
-5514
-1588
60
-5568
-1596
61
-5622
-1604
62
-5676
-1612
63
-5730
-1620
64
-5784
-1628
65
4453
-1636
66
9670
-1393
67
12377
30727
68
-18299
-1158
69
-18353
-1166
70
-18407
-1174
71
-18461
-1182
72
-18515
-1190
73
-18569
-1198
74
-18623
-1206
75
-18677
-1214
76
-18731
-1222
77
-18785
-1230
78
-18839
-1238
79
-18893
-1246
80
-18947
-1254
81
-19001
-1262
82
-19055
-1270
83
-19109
-1278
84
-19163
-1286
85
-19217
-1294
86
-19271
-1302
87
-19325
-1310
88
-19379
-1318
89
-19433
-1326
90
-19487
-1334
91
-19541
-1342
92
-19595
-1350
93
-19649
-1358
94
-19703
-1366
95
-19757
-1374
96
-19811
-1382
97
-3048
-1390
98
5432
-1147
99
-22483
30973
100
-4214
-912
101
-4268
-920
102
-4322
-928
103
-4376
-936
104
-4430
-944
105
-4484
-952
106
-4538
-960
107
-4592
-968
108
-4646
-976
109
-4700
-984
110
-4754
-992
111
-4808
-1000
112
-4862
-1008
113
-4916
-1016
114
-4970
-1024
115
-5024
-1032
116
-5078
-1040
117
-5132
-1048
118
-5186
-1056
119
-5240
-1064
120
-5294
-1072
121
-5348
-1080
122
-5402
-1088
123
-5456
-1096
124
-5510
-1104
125
-5564
-1112
126
-5618
-1120
127
-5672
-1128
128
-5726
-1136
129
-5780
-1144
130
-5834
-1152
131
-5888
-1160
132
-5942
-1168
133
-5996
-1176
134
-6050
-1184
135
-6104
-1192
136
-6158
-1200
137
-6212
-1208
138
-6266
-1216
139
-6320
-1224
140
-6374
-1232
141
-6428
-1240
142
-6482
-1248
143
-6536
-1256
144
-6590
-1264
145
-6644
-1272
146
-6698
-1280
147
-6752
-1288
148
-6806
-1296
149
-6860
-1304
150
-6914
-1312
151
-6968
-1320
152
-7022
-1328
153
-7076
-1336
154
-7130
-1344
155
-7184
-1352
156
-7238
-1360
157
-7292
-1368
158
-7346
-1376
159
-7400
-1384
160
-7454
-1392
161
-7508
-1400
162
-7562
-1408
163
-7616
-1416
164
-7670
-1424
165
-7724
-1432
166
-7778
-1440
167
-7832
-1448
168
-7886
-1456
169
-7940
-1464
170
-7994
-1472
171
-8048
-1480
172
-8102
-1488
173
-8156
-1496
174
-8210
-1504
175
-8264
-1512
176
-8318
-1520
177
-8372
-1528
178
-8426
-1536
179
-8480
-1544
180
-8534
-1552
181
-8588
-1560
182
-8642
-1568
183
-8696
-1576
184
-8750
-1584
185
-8804
-1592
186
-8858
-1600
187
-8912
-1608
188
-8966
-1616
189
-9020
-1624
190
-9074
-1632
191
-9128
-1640
192
-9182
-1648
193
-9236
-1656
194
-9290
-1664
195
-9344
-1672
196
-9398
-1680
197
-9452
-1688
198
-9506
-1696
199
-9560
-1704
200
-9614
-1712
201
-9668
-1720
202
-9722
-1728
203
-9776
-1736
204
-9830
-1744
205
-9884
-1752
206
-9938
-1760
207
-9992
-1768
208
-10046
-1776
209
-10100
-1784
210
-10154
-1792
211
-10208
-1800
212
-10262
-1808
213
-10316
-1816
214
-10370
-1824
215
-10424
-1832
216
-10478
-1840
217
-10532
-1848
218
-10586
-1856
219
-10640
-1864
220
-10694
-1872
221
-10748
-1880
222
-10802
-1888
223
-10856
-1896
224
-10910
-1904
225
-10964
-1912
226
-11018
-1920
227
-11072
-1928
228
-11126
-1936
229
-11180
-1944
230
-11234
-1952
231
-11288
-1960
232
-11342
-1968
233
-11396
-1976
234
-11450
-1984
235
-11504
-1992
236
-11558
-2000
237
-11612
-2008
238
-11666
-2016
239
-11720
-2024
240
-11774
-2032
241
-11828
-2040
242
-11882
-2048
243
-11936
-2056
244
-11990
-2064
245
-12044
-2072
246
-12098
-2080
247
-12152
-2088
248
-12206
-2096
249
-12260
-2104
250
-12314
-2112
251
-12368
-2120
1
-29490
-2128
2
-5950
-1885
3
5793
30235
4
11763
-1650
5
11709
-1658
6
11655
-1666
7
11601
-1674
8
11547
-1682
9
11493
-1690
10
11439
-1698
11
11385
-1706
12
11331
-1714
13
11277
-1722
14
11223
-1730
15
11169
-1738
16
11115
-1746
17
11061
-1754
18
11007
-1762
19
10953
-1770
20
10899
-1778
21
10845
-1786
22
10791
-1794
23
10737
-1802
24
10683
-1810
25
10629
-1818
26
10575
-1826
27
10521
-1834
28
10467
-1842
29
10413
-1850
30
10359
-1858
31
10305
-1866
32
10251
-1874
33
-18919
-1882
34
-1403
-1639
35
-24800
30481
36
-4272
-1404
37
-4326
-1412
38
-4380
-1420
39
-4434
-1428
40
-4488
-1436
41
-4542
-1444
42
-4596
-1452
43
-4650
-1460
44
-4704
-1468
45
-4758
-1476
46
-4812
-1484
47
-4866
-1492
48
-4920
-1500
49
-4974
-1508
50
-5028
-1516
51
-5082
-1524
52
-5136
-1532
53
-5190
-1540
54
-5244
-1548
55
-5298
-1556
56
-5352
-1564
57
-5406
-1572
58
-5460
-1580
59
-5514
-1588
60
-5568
-1596
61
-5622
-1604
62
-5676
-1612
63
-5730
-1620
64
-5784
-1628
65
4453
-1636
66
9670
-1393
67
12377
30727
68
-18299
-1158
69
-18353
-1166
70
-18407
-1174
71
-18461
-1182
72
-18515
-1190
73
-18569
-1198
74
-18623
-1206
75
-18677
-1214
76
-18731
-1222
77
-18785
-1230
78
-18839
-1238
79
-18893
-1246
7
-31970
-22740
14
-1867
20691
29
13647
9634
58
41354
-12226
117
24730
8568
234
6633
-14613
213
-15928
4177
170
-13749
-23393
85
-10241
-12870
171
14110
8176
87
-30558
17244
175
9594
-29391
95
-15204
7518
190
-11401
16566
124
-20391
1641
249
-22937
4174
242
-7347
-23529
229
-22773
-13525
202
-6442
7119
148
-26577
-16996
40
-30665
32818
80
-11864
1378
161
14419
3776
66
-17473
-24194
132
-1897
-14344
9
-32643
37357
19
16556
-21675
39
-421
22694
79
8954
-18616
159
2783
28811
63
4977
-7022
127
3453
-13410
255
584
-25929
254
-19109
14440
252
-18340
-2612
248
-37642
-3949
240
-26932
-7005
225
17057
-12734
194
-11612
8319
133
2682
-14725
11
-14484
4849
23
-15554
11102
47
-7901
23096
94
33585
-17943
188
9824
-2610
120
17265
-3946
241
9713
-6614
227
6432
20560
198
-18200
-23396
141
3310
-13259
26
-36297
7650
52
-1717
-16061
104
-3101
34944
208
14021
5631
160
-41092
11899
64
-32660
-40716
128
22601
-14875
1
-27867
36423
2
-13393
-23414
4
-17752
51729
8
10252
-25954
17
20895
13753
35
-20235
-4499
71
-4704
-8620
142
26990
-16606
28
16134
445
56
6479
1910
113
-5962
4839
226
5275
-22197
196
-23903
-10862
137
-29192
-20448
18
-39253
-6596
37
-24920
21108
75
5204
11235
151
-6973
23361
46
-20366
-17541
92
12838
-1679
184
-1694
-2083
112
15643
-3016
224
-16560
-4883
192
11503
-9001
129
-43440
-16852
3
-28440
721
6
13761
2721
12
10488
39869
25
15499
15481
50
8518
-1168
100
10245
-34465
201
198
-2628
146
-28608
28021
36
-10253
-40601
73
-16675
50123
147
1919
3346
38
-35818
6817
77
-18363
-18626
155
-2129
-4234
55
13077
-8218
110
-19986
-15675
220
-3947
2310
185
-5415
5768
114
4154
-20338
228
2062
-7270
200
-2243
-13391
144
-14187
-25249
32
-9373
16444
65
-3601
34803
130
11078
37601
5
-22655
-22212
10
-14649
-11022
21
-3121
11360
43
-14743
-9155
86
28795
-17545
173
-22607
-1941
91
10006
-35373
182
-6713
-3808
109
-10490
26302
218
-5934
21751
181
-28453
11757
107
-43525
-8361
214
676
-16212
172
19090
1110
89
-8107
3241
178
9519
-24881
101
-11628
48796
203
-8353
818
150
-31008
1632
44
-14213
-28741
88
-7630
8688
176
-34038
17755
97
-14960
-29263
195
1713
-24866
135
-10551
16441
15
-35370
-31122
31
-13990
4058
62
-10516
9647
125
29164
-12068
251
15556
10036
246
-587
21220
237
-38503
10563
219
-37585
-10880
183
-27118
-20741
111
-33083
24690
222
-15234
-14752
189
-35669
3645
122
-596
-24458
245
-12797
-15127
235
27714
3916
215
-9207
8981
174
763
19492
93
-39403
7238
186
-10373
-17017
116
-45
-883
232
-22038
-489
209
-22302
-84
162
5363
-31531
68
-22968
35753
136
25293
7885
16
-22962
16024
33
-1076
-32211
67
6770
34261
134
-4078
3494
13
-11499
-25272
27
30540
-16757
54
-29532
32147
108
-9213
-32735
216
1163
447
177
-9971
1914
99
-10147
-27663
199
33401
11103
143
4817
23225
30
881
-17939
60
-1465
-2347
121
15056
-3291
243
-4030
26950
231
-5828
-10617
206
-28878
-20598
156
-41269
-7536
57
-8308
-13667
115
-4267
6709
230
31291
14310
204
-19841
-2746
152
-15707
-4343
49
-13040
-7155
98
-8082
19096
197
22914
6573
139
-17035
-18602
22
15729
-36183
45
-5764
26832
90
-14073
22810
180
-5364
13234
105
4362
-37663
210
-11344
23741
164
338
15096
72
-28186
-34196
145
-25388
-1964
34
-24948
29220
69
11847
-38460
138
24166
22019
20
-13534
12035
41
-1308
-40061
82
1073
18690
165
-14771
5377
74
-31731
-20868
149
9378
-8075
42
6460
17892
84
23252
4037
169
24587
8964
83
8276
-14205
167
-10318
-27391
78
-15617
11645
157
5042
-7947
59
-24861
17509
119
17783
-28988
238
11881
8324
221
-1542
-14333
187
-19010
5250
118
-40352
11649
236
10400
-7938
217
-25268
-14600
179
-17378
4590
103
-14809
10966
207
4503
22697
158
-1368
-18738
61
10880
-3560
123
-36597
26285
247
382
-11945
239
-2330
-22743
223
-39153
20301
191
-7234
-23531
126
-33414
19491
253
-32471
7107
250
-11869
-17279
244
-26918
-1154
233
-14545
-1672
211
-23575
-34710
166
1239
-2736
76
-38614
28699
153
-11168
-6350
51
-35965
20831
102
-27164
-22727
205
38996
-11667
154
-19084
10581
53
-8304
-10074
106
-18064
13638
212
-2129
-4472
168
-7320
-7669
81
1023
-13933
163
10778
6178
70
-14527
13377
140
-15809
-4610
24
-9146
-8072
48
26991
-14738
96
1157
37208
193
-132
10030
131
-12367
-11816
7
-31970
-22740
14
-1867
20691
29
13647
9634
58
41354
-12226
117
24730
8568
234
6633
-14613
213
-15928
4177
170
-13749
-23393
85
-10241
-12870
171
14110
8176
87
-30558
17244
175
9594
-29391
95
-15204
7518
190
-11401
16566
124
-20391
1641
249
-22937
4174
242
-7347
-23529
229
-22773
-13525
202
-6442
7119
148
-26577
-16996
40
-30665
32818
80
-11864
1378
161
14419
3776
66
-17473
-24194
132
-1897
-14344
9
-32643
37357
19
16556
-21675
39
-421
22694
79
8954
-18616
159
2783
28811
63
4977
-7022
127
3453
-13410
255
584
-25929
254
-19109
14440
252
-18340
-2612
248
-37642
-3949
240
-26932
-7005
225
17057
-12734
194
-11612
8319
133
2682
-14725
11
-14484
4849
23
-15554
11102
47
-7901
23096
94
33585
-17943
188
9824
-2610
120
17265
-3946
241
9713
-6614
227
6432
20560
198
-18200
-23396
141
3310
-13259
26
-36297
7650
52
-1717
-16061
104
-3101
34944
208
14021
5631
160
-41092
11899
64
-32660
-40716
128
22601
-14875
1
-27867
36423
2
-13393
-23414
4
-17752
51729
8
10252
-25954
17
20895
13753
35
-20235
-4499
71
-4704
-8620
142
26990
-16606
28
16134
445
56
6479
1910
113
-5962
4839
226
5275
-22197
196
-23903
-10862
137
-29192
-20448
18
-39253
-6596
37
-24920
21108
75
5204
11235
151
-6973
23361
46
-20366
-17541
92
12838
-1679
184
-1694
-2083
112
15643
-3016
224
-16560
-4883
192
11503
-9001
129
-43440
-16852
3
-28440
721
6
13761
2721
12
10488
39869
25
15499
15481
50
8518
-1168
100
10245
-34465
201
198
-2628
146
-28608
28021
36
-10253
-40601
73
-16675
50123
147
1919
3346
38
-35818
6817
77
-18363
-18626
155
-2129
-4234
55
13077
-8218
110
-19986
-15675
220
-3947
2310
185
-5415
5768
114
4154
-20338
228
2062
-7270
200
-2243
-13391
144
-14187
-25249
32
-9373
16444
65
-3601
34803
130
11078
37601
5
-22655
-22212
10
-14649
-11022
21
-3121
11360
43
-14743
-9155
86
28795
-17545
173
-22607
-1941
91
10006
-35373
182
-6713
-3808
109
-10490
26302
218
-5934
21751
181
-28453
11757
107
-43525
-8361
214
676
-16212
172
19090
1110
89
-8107
3241
178
9519
-24881
101
-11628
48796
203
-8353
818
150
-31008
1632
44
-14213
-28741
88
-7630
8688
176
-34038
17755
97
-14960
-29263
195
1713
-24866
135
-10551
16441
15
-35370
-31122
31
-13990
4058
62
-10516
9647
125
29164
-12068
251
15556
10036
246
-587
21220
237
-38503
10563
219
-37585
-10880
183
-27118
-20741
111
-33083
24690
222
-15234
-14752
189
-35669
3645
122
-596
-24458
245
-12797
-15127
235
27714
3916
215
-9207
8981
174
763
19492
93
-39403
7238
186
-10373
-17017
116
-45
-883
232
-22038
-489
209
-22302
-84
162
5363
-31531
68
-22968
35753
136
25293
7885
16
-22962
16024
33
-1076
-32211
67
6770
34261
134
-4078
3494
13
-11499
-25272
27
30540
-16757
54
-29532
32147
108
-9213
-32735
216
1163
447
177
-9971
1914
99
-10147
-27663
199
33401
11103
143
4817
23225
30
881
-17939
60
-1465
-2347
121
15056
-3291
243
-4030
26950
231
-5828
-10617
206
-28878
-20598
156
-41269
-7536
57
-8308
-13667
115
-4267
6709
230
31291
14310
204
-19841
-2746
152
-15707
-4343
49
-13040
-7155
98
-8082
19096
197
22914
6573
139
-17035
-18602
22
15729
-36183
45
-5764
26832
90
-14073
22810
180
-5364
13234
105
4362
-37663
210
-11344
23741
164
338
15096
72
-28186
-34196
145
-25388
-1964
34
-24948
29220
69
11847
-38460
138
24166
22019
20
-13534
12035
41
-1308
-40061
82
1073
18690
165
-14771
5377
74
-31731
-20868
149
9378
-8075
42
6460
17892
84
23252
4037
169
24587
8964
83
8276
-14205
167
-10318
-27391
78
-15617
11645
157
5042
-7947
59
-24861
17509
119
17783
-28988
238
11881
8324
221
-1542
-14333
187
-19010
5250
118
-40352
11649
236
10400
-7938
217
-25268
-14600
179
-17378
4590
103
-14809
10966
207
4503
22697
158
-1368
-18738
61
10880
-3560
123
-36597
26285
247
382
-11945
239
-2330
-22743
223
-39153
20301
191
-7234
-23531
36
-10253
-40601
73
-16675
50123
147
1919
3346
38
-35818
6817
77
-18363
-18626
155
-2129
-4234
55
13077
-8218
110
-19986
-15675
220
-3947
2310
185
-5415
5768
114
4154
-20338
228
2062
-7270
200
-2243
-13391
144
-14187
-25249
32
-9373
16444
65
-3601
34803
130
11078
37601
5
-22655
-22212
10
-14649
-11022
21
-3121
11360
43
-14743
-9155
86
28795
-17545
173
-22607
-1941
91
10006
-35373
182
-6713
-3808
109
-10490
26302
218
-5934
21751
181
-28453
11757
107
-43525
-8361
214
676
-16212
172
19090
1110
89
-8107
3241
178
9519
-24881
101
-11628
48796
203
-8353
818
150
-31008
1632
44
-14213
-28741
88
-7630
8688
176
-34038
17755
97
-14960
-29263
195
1713
-24866
135
-10551
16441
15
-35370
-31122
31
-13990
4058
62
-10516
9647
125
29164
-12068
251
15556
10036
246
-587
21220
237
-38503
10563
219
-37585
-10880
183
-27118
-20741
111
-33083
24690
222
-15234
-14752
189
-35669
3645
122
-596
-24458
245
-12797
-15127
235
27714
3916
215
-9207
8981
174
763
19492
93
-39403
7238
186
-10373
-17017
116
-45
-883
232
-22038
-489
209
-22302
-84
162
5363
-31531
68
-22968
35753
136
25293
7885
16
-22962
16024
33
-1076
-32211
67
6770
34261
134
-4078
3494
13
-11499
-25272
27
30540
-16757
54
-29532
32147
108
-9213
-32735
216
1163
447
177
-9971
1914
99
-10147
-27663
199
33401
11103
143
4817
23225
30
881
-17939
60
-1465
-2347
121
15056
-3291
243
-4030
26950
231
-5828
-10617
206
-28878
-20598
156
-41269
-7536
57
-8308
-13667
115
-4267
6709
230
31291
14310
204
-19841
-2746
152
-15707
-4343
49
-13040
-7155
98
-8082
19096
197
22914
6573
139
-17035
-18602
22
15729
-36183
45
-5764
26832
90
-14073
22810
180
-5364
13234
105
4362
-37663
210
-11344
23741
164
338
15096
72
-28186
-34196
145
-25388
-1964
34
-24948
29220
69
11847
-38460
138
24166
22019
20
-13534
12035
41
-1308
-40061
82
1073
18690
165
-14771
5377
74
-31731
-20868
149
9378
-8075
42
6460
17892
84
23252
4037
169
24587
8964
83
8276
-14205
167
-10318
-27391
78
-15617
11645
157
5042
-7947
59
-24861
17509
119
17783
-28988
238
11881
8324
221
-1542
-14333
187
-19010
5250
118
-40352
11649
236
10400
-7938
217
-25268
-14600
179
-17378
4590
103
-14809
10966
207
4503
22697
158
-1368
-18738
61
10880
-3560
123
-36597
26285
247
382
-11945
239
-2330
-22743
223
-39153
20301
191
-7234
-23531
126
-33414
19491
253
-32471
7107
250
-11869
-17279
244
-26918
-1154
233
-14545
-1672
211
-23575
-34710
166
1239
-2736
76
-38614
28699
153
-11168
-6350
51
-35965
20831
102
-27164
-22727
205
38996
-11667
154
-19084
10581
53
-8304
-10074
106
-18064
13638
212
-2129
-4472
168
-7320
-7669
81
1023
-13933
163
10778
6178
70
-14527
13377
140
-15809
-4610
24
-9146
-8072
48
26991
-14738
96
1157
37208
193
-132
10030
131
-12367
-11816
7
-31970
-22740
14
-1867
20691
29
13647
9634
58
41354
-12226
117
24730
8568
234
6633
-14613
213
-15928
4177
170
-13749
-23393
85
-10241
-12870
171
14110
8176
87
-30558
17244
175
9594
-29391
95
-15204
7518
190
-11401
16566
124
-20391
1641
249
-22937
4174
242
-7347
-23529
229
-22773
-13525
202
-6442
7119
148
-26577
-16996
40
-30665
32818
80
-11864
1378
161
14419
3776
66
-17473
-24194
132
-1897
-14344
9
-32643
37357
19
16556
-21675
39
-421
22694
79
8954
-18616
159
2783
28811
63
4977
-7022
127
3453
-13410
255
584
-25929
254
-19109
14440
252
-18340
-2612
248
-37642
-3949
240
-26932
-7005
225
17057
-12734
194
-11612
8319
133
2682
-14725
11
-14484
4849
23
-15554
11102
47
-7901
23096
94
33585
-17943
188
9824
-2610
120
17265
-3946
241
9713
-6614
227
6432
20560
198
-18200
-23396
141
3310
-13259
26
-36297
7650
52
-1717
-16061
104
-3101
34944
208
14021
5631
160
-41092
11899
64
-32660
-40716
128
22601
-14875
1
-27867
36423
2
-13393
-23414
4
-17752
51729
8
10252
-25954
17
20895
13753
35
-20235
-4499
71
-4704
-8620
142
26990
-16606
28
16134
445
56
6479
1910
113
-5962
4839
226
5275
-22197
196
-23903
-10862
137
-29192
-20448
18
-39253
-6596
37
-24920
21108
75
5204
11235
151
-6973
23361
46
-20366
-17541
92
12838
-1679
184
-1694
-2083
112
15643
-3016
224
-16560
-4883
192
11503
-9001
129
-43440
-16852
3
-28440
721
6
13761
2721
12
10488
39869
25
15499
15481
50
8518
-1168
100
10245
-34465
201
198
-2628
146
-28608
28021
36
-10253
-40601
73
-16675
50123
147
1919
3346
38
-35818
6817
77
-18363
-18626
155
-2129
-4234
55
13077
-8218
110
-19986
-15675
220
-3947
2310
185
-5415
5768
114
4154
-20338
228
2062
-7270
200
-2243
-13391
144
-14187
-25249
32
-9373
16444
65
-3601
34803
130
11078
37601
5
-22655
-22212
10
-14649
-11022
21
-3121
11360
43
-14743
-9155
86
28795
-17545
173
-22607
-1941
91
10006
-35373
182
-6713
-3808
109
-10490
26302
218
-5934
21751
181
-28453
11757
107
-43525
-8361
214
676
-16212
172
19090
1110
89
-8107
3241
178
9519
-24881
101
-11628
48796
203
-8353
818
150
-31008
1632
44
-14213
-28741
88
-7630
8688
176
-34038
17755
97
-14960
-29263
195
1713
-24866
135
-10551
16441
15
-35370
-31122
31
-13990
4058
62
-10516
9647
125
29164
-12068
251
15556
10036
246
-587
21220
237
-38503
10563
219
-37585
-10880
183
-27118
-20741
111
-33083
24690
222
-15234
-14752
189
-35669
3645
122
-596
-24458
245
-12797
-15127
235
27714
3916
215
-9207
8981
174
763
19492
93
-39403
7238
186
-10373
-17017
116
-45
-883
232
-22038
-489
209
-22302
-84
162
5363
-31531
68
-22968
35753
136
25293
7885
16
-22962
16024
33
-1076
-32211
67
6770
34261
134
-4078
3494
13
-11499
-25272
27
30540
-16757
54
-29532
32147
108
-9213
-32735
216
1163
447
177
-9971
1914
99
-10147
-27663
199
33401
11103
143
4817
23225
30
881
-17939
60
-1465
-2347
121
15056
-3291
243
-4030
26950
231
-5828
-10617
206
-28878
-20598
156
-41269
-7536
57
-8308
-13667
115
-4267
6709
230
31291
14310
204
-19841
-2746
152
-15707
-4343
49
-13040
-7155
98
-8082
19096
197
22914
6573
139
-17035
-18602
22
15729
-36183
45
-5764
26832
90
-14073
22810
180
-5364
13234
105
4362
-37663
210
-11344
23741
164
338
15096
72
-28186
-34196
145
-25388
-1964
34
-24948
29220
69
11847
-38460
138
24166
22019
20
-13534
12035
41
-1308
-40061
82
1073
18690
165
-14771
5377
74
-31731
-20868
149
9378
-8075
42
6460
17892
84
23252
4037
169
24587
8964
83
8276
-14205
167
-10318
-27391
78
-15617
11645
157
5042
-7947
59
-24861
17509
119
17783
-28988
238
11881
8324
221
-1542
-14333
187
-19010
5250
118
-40352
11649
236
10400
-7938
217
-25268
-14600
179
-17378
4590
103
-14809
10966
207
4503
22697
158
-1368
-18738
61
10880
-3560
123
-36597
26285
247
382
-11945
239
-2330
-22743
223
-39153
20301
191
-7234
-23531
126
-33414
19491
253
-32471
7107
250
-11869
-17279
244
-26918
-1154
233
-14545
-1672
211
-23575
-34710
166
1239
-2736
76
-38614
28699
153
-11168
-6350
51
-35965
20831
102
-27164
-22727
205
38996
-11667
154
-19084
10581
53
-8304
-10074
106
-18064
13638
212
-2129
-4472
168
-7320
-7669
81
1023
-13933
163
10778
6178
70
-14527
13377
140
-15809
-4610
24
-9146
-8072
48
26991
-14738
96
1157
37208
193
-132
10030
131
-12367
-11816
7
-31970
-22740
14
-1867
20691
29
13647
9634
58
41354
-12226
117
24730
8568
234
6633
-14613
213
-15928
4177
170
-13749
-23393
85
-10241
-12870
171
14110
8176
87
-30558
17244
175
9594
-29391
95
-15204
7518
190
-11401
16566
124
-20391
1641
249
-22937
4174
242
-7347
-23529
229
-22773
-13525
202
-6442
7119
148
-26577
-16996
40
-30665
32818
80
-11864
1378
161
14419
3776
66
-17473
-24194
132
-1897
-14344
9
-32643
37357
19
16556
-21675
39
-421
22694
79
8954
-18616
159
2783
28811
63
4977
-7022
127
3453
-13410
255
584
-25929
254
-19109
14440
252
-18340
-2612
248
-37642
-3949
240
-26932
-7005
225
17057
-12734
194
-11612
8319
133
2682
-14725
11
-14484
4849
23
-15554
11102
47
-7901
23096
94
33585
-17943
188
9824
-2610
120
17265
-3946
241
9713
-6614
227
6432
20560
198
-18200
-23396
141
3310
-13259
26
-36297
7650
52
-1717
-16061
104
-3101
34944
208
14021
5631
160
-41092
11899
64
-32660
-40716
128
22601
-14875
1
-27867
36423
2
-13393
-23414
4
-17752
51729
8
10252
-25954
17
20895
13753
35
-20235
-4499
71
-4704
-8620
204
-19841
-2746
152
-15707
-4343
49
-13040
-7155
98
-8082
19096
197
22914
6573
139
-17035
-18602
22
15729
-36183
45
-5764
26832
90
-14073
22810
180
-5364
13234
105
4362
-37663
210
-11344
23741
164
338
15096
72
-28186
-34196
145
-25388
-1964
34
-24948
29220
69
11847
-38460
138
24166
22019
20
-13534
12035
41
-1308
-40061
82
1073
18690
165
-14771
5377
74
-31731
-20868
149
9378
-8075
42
6460
17892
84
23252
4037
169
24587
8964
83
8276
-14205
167
-10318
-27391
78
-15617
11645
157
5042
-7947
59
-24861
17509
119
17783
-28988
238
11881
8324
221
-1542
-14333
187
-19010
5250
118
-40352
11649
236
10400
-7938
217
-25268
-14600
179
-17378
4590
103
-14809
10966
207
4503
22697
158
-1368
-18738
61
10880
-3560
123
-36597
26285
247
382
-11945
239
-2330
-22743
223
-39153
20301
191
-7234
-23531
126
-33414
19491
253
-32471
7107
250
-11869
-17279
244
-26918
-1154
233
-14545
-1672
211
-23575
-34710
166
1239
-2736
76
-38614
28699
153
-11168
-6350
51
-35965
20831
102
-27164
-22727
205
38996
-11667
154
-19084
10581
53
-8304
-10074
106
-18064
13638
212
-2129
-4472
168
-7320
-7669
81
1023
-13933
163
10778
6178
70
-14527
13377
140
-15809
-4610
24
-9146
-8072
48
26991
-14738
96
1157
37208
193
-132
10030
131
-12367
-11816
7
-31970
-22740
14
-1867
20691
29
13647
9634
58
41354
-12226
117
24730
8568
234
6633
-14613
213
-15928
4177
170
-13749
-23393
85
-10241
-12870
171
14110
8176
87
-30558
17244
175
9594
-29391
95
-15204
7518
190
-11401
16566
124
-20391
1641
249
-22937
4174
242
-7347
-23529
229
-22773
-13525
202
-6442
7119
148
-26577
-16996
40
-30665
32818
80
-11864
1378
161
14419
3776
66
-17473
-24194
132
-1897
-14344
9
-32643
37357
19
16556
-21675
39
-421
22694
79
8954
-18616
159
2783
28811
63
4977
-7022
127
3453
-13410
255
584
-25929
254
-19109
14440
252
-18340
-2612
248
-37642
-3949
240
-26932
-7005
225
17057
-12734
194
-11612
8319
133
2682
-14725
11
-14484
4849
23
-15554
11102
47
-7901
23096
94
33585
-17943
188
9824
-2610
120
17265
-3946
241
9713
-6614
227
6432
20560
198
-18200
-23396
141
3310
-13259
26
-36297
7650
52
-1717
-16061
104
-3101
34944
208
14021
5631
160
-41092
11899
64
-32660
-40716
128
22601
-14875
1
-27867
36423
2
-13393
-23414
4
-17752
51729
8
10252
-25954
17
20895
13753
35
-20235
-4499
71
-4704
-8620
142
26990
-16606
28
16134
445
56
6479
1910
113
-5962
4839
226
5275
-22197
196
-23903
-10862
137
-29192
-20448
18
-39253
-6596
37
-24920
21108
75
5204
11235
151
-6973
23361
46
-20366
-17541
92
12838
-1679
184
-1694
-2083
112
15643
-3016
224
-16560
-4883
192
11503
-9001
129
-43440
-16852
3
-28440
721
6
13761
2721
12
10488
39869
25
15499
15481
50
8518
-1168
100
10245
-34465
201
198
-2628
146
-28608
28021
36
-10253
-40601
73
-16675
50123
147
1919
3346
38
-35818
6817
77
-18363
-18626
155
-2129
-4234
55
13077
-8218
110
-19986
-15675
220
-3947
2310
185
-5415
5768
114
4154
-20338
228
2062
-7270
200
-2243
-13391
144
-14187
-25249
32
-9373
16444
65
-3601
34803
130
11078
37601
5
-22655
-22212
10
-14649
-11022
21
-3121
11360
43
-14743
-9155
86
28795
-17545
173
-22607
-1941
91
10006
-35373
182
-6713
-3808
109
-10490
26302
218
-5934
21751
181
-28453
11757
107
-43525
-8361
214
676
-16212
172
19090
1110
89
-8107
3241
178
9519
-24881
101
-11628
48796
203
-8353
818
150
-31008
1632
44
-14213
-28741
88
-7630
8688
176
-34038
17755
97
-14960
-29263
195
1713
-24866
135
-10551
16441
15
-35370
-31122
31
-13990
4058
62
-10516
9647
125
29164
-12068
251
15556
10036
246
-587
21220
237
-38503
10563
219
-37585
-10880
183
-27118
-20741
111
-33083
24690
222
-15234
-14752
189
-35669
3645
122
-596
-24458
245
-12797
-15127
235
27714
3916
215
-9207
8981
174
763
19492
93
-39403
7238
186
-10373
-17017
116
-45
-883
232
-22038
-489
209
-22302
-84
162
5363
-31531
68
-22968
35753
136
25293
7885
16
-22962
16024
33
-1076
-32211
67
6770
34261
134
-4078
3494
13
-11499
-25272
27
30540
-16757
54
-29532
32147
108
-9213
-32735
216
1163
447
177
-9971
1914
99
-10147
-27663
199
33401
11103
143
4817
23225
30
881
-17939
60
-1465
-2347
121
15056
-3291
243
-4030
26950
231
-5828
-10617
206
-28878
-20598
156
-41269
-7536
57
-8308
-13667
115
-4267
6709
230
31291
14310
204
-19841
-2746
152
-15707
-4343
49
-13040
-7155
98
-8082
19096
197
22914
6573
139
-17035
-18602
22
15729
-36183
45
-5764
26832
90
-14073
22810
180
-5364
13234
105
4362
-37663
210
-11344
23741
164
338
15096
72
-28186
-34196
145
-25388
-1964
34
-24948
29220
69
11847
-38460
138
24166
22019
20
-13534
12035
41
-1308
-40061
82
1073
18690
165
-14771
5377
74
-31731
-20868
149
9378
-8075
42
6460
17892
84
23252
4037
169
24587
8964
83
8276
-14205
167
-10318
-27391
78
-15617
11645
157
5042
-7947
59
-24861
17509
119
17783
-28988
238
11881
8324
221
-1542
-14333
187
-19010
5250
118
-40352
11649
236
10400
-7938
217
-25268
-14600
179
-17378
4590
103
-14809
10966
207
4503
22697
158
-1368
-18738
61
10880
-3560
123
-36597
26285
247
382
-11945
239
-2330
-22743
223
-39153
20301
191
-7234
-23531
126
-33414
19491
253
-32471
7107
250
-11869
-17279
244
-26918
-1154
233
-14545
-1672
211
-23575
-34710
166
1239
-2736
76
-38614
28699
153
-11168
-6350
51
-35965
20831
102
-27164
-22727
205
38996
-11667
154
-19084
10581
53
-8304
-10074
106
-18064
13638
212
-2129
-4472
168
-7320
-7669
81
1023
-13933
163
10778
6178
70
-14527
13377
140
-15809
-4610
24
-9146
-8072
48
26991
-14738
96
1157
37208
193
-132
10030
131
-12367
-11816
7
-31970
-22740
14
-1867
20691
29
13647
9634
58
41354
-12226
117
24730
8568
234
6633
-14613
213
-15928
4177
170
-13749
-23393
85
-10241
-12870
171
14110
8176
87
-30558
17244
175
9594
-29391
95
-15204
7518
190
-11401
16566
124
-20391
1641
249
-22937
4174
242
-7347
-23529
229
-22773
-13525
202
-6442
7119
148
-26577
-16996
40
-30665
32818
80
-11864
1378
161
14419
3776
66
-17473
-24194
132
-1897
-14344
9
-32643
37357
19
16556
-21675
39
-421
22694
79
8954
-18616
159
2783
28811
63
4977
-7022
127
3453
-13410
255
584
-25929
254
-19109
14440
252
-18340
-2612
248
-37642
-3949
240
-26932
-7005
225
17057
-12734
194
-11612
8319
133
2682
-14725
11
-14484
4849
23
-15554
11102
47
-7901
23096
94
33585
-17943
188
9824
-2610
120
17265
-3946
241
9713
-6614
227
6432
20560
198
-18200
-23396
141
3310
-13259
26
-36297
7650
52
-1717
-16061
104
-3101
34944
208
14021
5631
160
-41092
11899
64
-32660
-40716
128
22601
-14875
1
-27867
36423
2
-13393
-23414
4
-17752
51729
8
10252
-25954
17
20895
13753
35
-20235
-4499
71
-4704
-8620
142
26990
-16606
28
16134
445
56
6479
1910
113
-5962
4839
226
5275
-22197
196
-23903
-10862
137
-29192
-20448
18
-39253
-6596
37
-24920
21108
75
5204
11235
151
-6973
23361
46
-20366
-17541
92
12838
-1679
184
-1694
-2083
112
15643
-3016
224
-16560
-4883
192
11503
-9001
129
-43440
-16852
3
-28440
721
6
13761
2721
12
10488
39869
25
15499
15481
50
8518
-1168
100
10245
-34465
201
198
-2628
146
-28608
28021
36
-10253
-40601
73
-16675
50123
147
1919
3346
38
-35818
6817
77
-18363
-18626
155
-2129
-4234
55
13077
-8218
110
-19986
-15675
220
-3947
2310
185
-5415
5768
114
4154
-20338
228
2062
-7270
200
-2243
-13391
144
-14187
-25249
32
-9373
16444
65
-3601
34803
130
11078
37601
5
-22655
-22212
10
-14649
-11022
21
-3121
11360
43
-14743
-9155
86
28795
-17545
173
-22607
-1941
91
10006
-35373
182
-6713
-3808
109
-10490
26302
218
-5934
21751
181
-28453
11757
107
-43525
-8361
214
676
-16212
172
19090
1110
89
-8107
3241
178
9519
-24881
101
-11628
48796
203
-8353
818
150
-31008
1632
44
-14213
-28741
88
-7630
8688
176
-34038
17755
97
-14960
-29263
195
1713
-24866
135
-10551
16441
15
-35370
-31122
31
-13990
4058
62
-10516
9647
125
29164
-12068
251
15556
10036
246
-587
21220
237
-38503
10563
219
-37585
-10880
183
-27118
-20741
111
-33083
24690
222
-15234
-14752
189
-35669
3645
122
-596
-24458
245
-12797
-15127
235
27714
3916
215
-9207
8981
174
763
19492
93
-39403
7238
186
-10373
-17017
116
-45
-883
232
-22038
-489
209
-22302
-84
