100
-4214
101
-4268
102
-4322
103
-4376
104
-4430
105
-4484
106
-4538
107
-4592
108
-4646
109
-4700
110
-4754
111
-4808
112
-4862
113
-4916
114
-4970
115
-5024
116
-5078
117
-5132
118
-5186
119
-5240
120
-5294
121
-5348
122
-5402
123
-5456
124
-5510
125
-5564
126
-5618
127
-5672
128
-5726
129
-5780
130
-5834
131
-5888
132
-5942
133
-5996
134
-6050
135
-6104
136
-6158
137
-6212
138
-6266
139
-6320
140
-6374
141
-6428
142
-6482
143
-6536
144
-6590
145
-6644
146
-6698
147
-6752
148
-6806
149
-6860
150
-6914
151
-6968
152
-7022
153
-7076
154
-7130
155
-7184
156
-7238
157
-7292
158
-7346
159
-7400
160
-7454
161
-7508
162
-7562
163
-7616
164
-7670
165
-7724
166
-7778
167
-7832
168
-7886
169
-7940
170
-7994
171
-8048
172
-8102
173
-8156
174
-8210
175
-8264
176
-8318
177
-8372
178
-8426
179
-8480
180
-8534
181
-8588
182
-8642
183
-8696
184
-8750
185
-8804
186
-8858
187
-8912
188
-8966
189
-9020
190
-9074
191
-9128
192
-9182
193
-9236
194
-9290
195
-9344
196
-9398
197
-9452
198
-9506
199
-9560
200
-9614
201
-9668
202
-9722
203
-9776
204
-9830
205
-9884
206
-9938
207
-9992
208
-10046
209
-10100
210
-10154
211
-10208
212
-10262
213
-10316
214
-10370
215
-10424
216
-10478
217
-10532
218
-10586
219
-10640
220
-10694
221
-10748
222
-10802
223
-10856
224
-10910
225
-10964
226
-11018
227
-11072
228
-11126
229
-11180
230
-11234
231
-11288
232
-11342
233
-11396
234
-11450
235
-11504
236
-11558
237
-11612
238
-11666
239
-11720
240
-11774
241
-11828
242
-11882
243
-11936
244
-11990
245
-12044
246
-12098
247
-12152
248
-12206
249
-12260
250
-12314
251
-12368
1
-29490
2
-5950
3
5793
4
11763
5
11709
6
11655
7
11601
8
11547
9
11493
10
11439
11
11385
12
11331
13
11277
14
11223
15
11169
16
11115
17
11061
18
11007
19
10953
20
10899
21
10845
22
10791
23
10737
24
10683
25
10629
26
10575
27
10521
28
10467
29
10413
30
10359
31
10305
32
10251
33
-18919
34
-1403
35
-24800
36
-4272
37
-4326
38
-4380
39
-4434
40
-4488
41
-4542
42
-4596
43
-4650
44
-4704
45
-4758
46
-4812
47
-4866
48
-4920
49
-4974
50
-5028
51
-5082
52
-5136
53
-5190
54
-5244
55
-5298
56
-5352
57
-5406
58
-5460
59
-5514
60
-5568
61
-5622
62
-5676
63
-5730
64
-5784
65
4453
66
9670
67
12377
68
-18299
69
-18353
70
-18407
71
-18461
72
-18515
73
-18569
74
-18623
75
-18677
76
-18731
77
-18785
78
-18839
79
-18893
80
-18947
81
-19001
82
-19055
83
-19109
84
-19163
85
-19217
86
-19271
87
-19325
88
-19379
89
-19433
90
-19487
91
-19541
92
-19595
93
-19649
94
-19703
95
-19757
96
-19811
97
-3048
98
5432
99
-22483
100
-4214
101
-4268
102
-4322
103
-4376
104
-4430
105
-4484
106
-4538
107
-4592
108
-4646
109
-4700
110
-4754
111
-4808
112
-4862
113
-4916
114
-4970
115
-5024
116
-5078
117
-5132
118
-5186
119
-5240
120
-5294
121
-5348
122
-5402
123
-5456
124
-5510
125
-5564
126
-5618
127
-5672
128
-5726
129
-5780
130
-5834
131
-5888
132
-5942
133
-5996
134
-6050
135
-6104
136
-6158
137
-6212
138
-6266
139
-6320
140
-6374
141
-6428
142
-6482
143
-6536
144
-6590
145
-6644
146
-6698
147
-6752
148
-6806
149
-6860
150
-6914
151
-6968
152
-7022
153
-7076
154
-7130
155
-7184
156
-7238
157
-7292
158
-7346
159
-7400
160
-7454
161
-7508
162
-7562
163
-7616
164
-7670
165
-7724
166
-7778
167
-7832
168
-7886
169
-7940
170
-7994
171
-8048
172
-8102
173
-8156
174
-8210
175
-8264
176
-8318
177
-8372
178
-8426
179
-8480
180
-8534
181
-8588
182
-8642
183
-8696
184
-8750
185
-8804
186
-8858
187
-8912
188
-8966
189
-9020
190
-9074
191
-9128
192
-9182
193
-9236
194
-9290
195
-9344
196
-9398
197
-9452
198
-9506
199
-9560
200
-9614
201
-9668
202
-9722
203
-9776
204
-9830
205
-9884
206
-9938
207
-9992
208
-10046
209
-10100
210
-10154
211
-10208
212
-10262
213
-10316
214
-10370
215
-10424
216
-10478
217
-10532
218
-10586
219
-10640
220
-10694
221
-10748
222
-10802
223
-10856
224
-10910
225
-10964
226
-11018
227
-11072
228
-11126
229
-11180
230
-11234
231
-11288
232
-11342
233
-11396
234
-11450
235
-11504
236
-11558
237
-11612
238
-11666
239
-11720
240
-11774
241
-11828
242
-11882
243
-11936
244
-11990
245
-12044
246
-12098
247
-12152
248
-12206
249
-12260
250
-12314
251
-12368
1
-29490
2
-5950
3
5793
4
11763
5
11709
6
11655
7
11601
8
11547
9
11493
10
11439
11
11385
12
11331
13
11277
14
11223
15
11169
16
11115
17
11061
18
11007
19
10953
20
10899
21
10845
22
10791
23
10737
24
10683
25
10629
26
10575
27
10521
28
10467
29
10413
30
10359
31
10305
32
10251
33
-18919
34
-1403
35
-24800
36
-4272
37
-4326
38
-4380
39
-4434
40
-4488
41
-4542
42
-4596
43
-4650
44
-4704
45
-4758
46
-4812
47
-4866
48
-4920
49
-4974
50
-5028
51
-5082
52
-5136
53
-5190
54
-5244
55
-5298
56
-5352
57
-5406
58
-5460
59
-5514
60
-5568
61
-5622
62
-5676
63
-5730
64
-5784
65
4453
66
9670
67
12377
68
-18299
69
-18353
70
-18407
71
-18461
72
-18515
73
-18569
74
-18623
75
-18677
76
-18731
77
-18785
78
-18839
79
-18893
80
-18947
81
-19001
82
-19055
83
-19109
84
-19163
85
-19217
86
-19271
87
-19325
88
-19379
89
-19433
90
-19487
91
-19541
92
-19595
93
-19649
94
-19703
95
-19757
96
-19811
97
-3048
98
5432
99
-22483
100
-4214
101
-4268
102
-4322
103
-4376
104
-4430
105
-4484
106
-4538
107
-4592
108
-4646
109
-4700
110
-4754
111
-4808
112
-4862
113
-4916
114
-4970
115
-5024
116
-5078
117
-5132
118
-5186
119
-5240
120
-5294
121
-5348
122
-5402
123
-5456
124
-5510
125
-5564
126
-5618
127
-5672
128
-5726
129
-5780
130
-5834
131
-5888
132
-5942
133
-5996
134
-6050
135
-6104
136
-6158
137
-6212
138
-6266
139
-6320
140
-6374
141
-6428
142
-6482
143
-6536
144
-6590
145
-6644
146
-6698
147
-6752
148
-6806
149
-6860
150
-6914
151
-6968
152
-7022
153
-7076
154
-7130
155
-7184
156
-7238
157
-7292
158
-7346
159
-7400
160
-7454
161
-7508
162
-7562
163
-7616
164
-7670
165
-7724
166
-7778
167
-7832
168
-7886
169
-7940
170
-7994
171
-8048
172
-8102
173
-8156
174
-8210
175
-8264
176
-8318
177
-8372
178
-8426
179
-8480
180
-8534
181
-8588
182
-8642
183
-8696
184
-8750
185
-8804
186
-8858
187
-8912
188
-8966
189
-9020
190
-9074
191
-9128
192
-9182
193
-9236
194
-9290
195
-9344
196
-9398
197
-9452
198
-9506
199
-9560
200
-9614
201
-9668
202
-9722
203
-9776
204
-9830
205
-9884
206
-9938
207
-9992
208
-10046
209
-10100
210
-10154
211
-10208
212
-10262
213
-10316
214
-10370
215
-10424
216
-10478
217
-10532
218
-10586
219
-10640
220
-10694
221
-10748
222
-10802
223
-10856
224
-10910
225
-10964
226
-11018
227
-11072
228
-11126
229
-11180
230
-11234
231
-11288
232
-11342
233
-11396
234
-11450
235
-11504
236
-11558
237
-11612
238
-11666
239
-11720
240
-11774
241
-11828
242
-11882
243
-11936
244
-11990
245
-12044
246
-12098
247
-12152
248
-12206
249
-12260
250
-12314
251
-12368
1
-29490
2
-5950
3
5793
4
11763
5
11709
6
11655
7
11601
8
11547
9
11493
10
11439
11
11385
12
11331
13
11277
14
11223
15
11169
16
11115
17
11061
18
11007
19
10953
20
10899
21
10845
22
10791
23
10737
24
10683
25
10629
26
10575
27
10521
28
10467
29
10413
30
10359
31
10305
32
10251
33
-18919
34
-1403
35
-24800
36
-4272
37
-4326
38
-4380
39
-4434
40
-4488
41
-4542
42
-4596
43
-4650
44
-4704
45
-4758
46
-4812
47
-4866
48
-4920
49
-4974
50
-5028
51
-5082
52
-5136
53
-5190
54
-5244
55
-5298
56
-5352
57
-5406
58
-5460
59
-5514
60
-5568
61
-5622
62
-5676
63
-5730
64
-5784
65
4453
66
9670
67
12377
68
-18299
69
-18353
70
-18407
71
-18461
72
-18515
73
-18569
74
-18623
75
-18677
76
-18731
77
-18785
78
-18839
79
-18893
80
-18947
81
-19001
82
-19055
83
-19109
84
-19163
85
-19217
86
-19271
87
-19325
88
-19379
89
-19433
90
-19487
91
-19541
92
-19595
93
-19649
94
-19703
95
-19757
96
-19811
97
-3048
98
5432
99
-22483
100
-4214
101
-4268
102
-4322
103
-4376
104
-4430
105
-4484
106
-4538
107
-4592
108
-4646
109
-4700
110
-4754
111
-4808
112
-4862
113
-4916
114
-4970
115
-5024
116
-5078
117
-5132
118
-5186
119
-5240
120
-5294
121
-5348
122
-5402
123
-5456
124
-5510
125
-5564
126
-5618
127
-5672
128
-5726
129
-5780
130
-5834
131
-5888
132
-5942
133
-5996
134
-6050
135
-6104
136
-6158
137
-6212
138
-6266
139
-6320
140
-6374
141
-6428
142
-6482
143
-6536
144
-6590
145
-6644
146
-6698
147
-6752
148
-6806
149
-6860
150
-6914
151
-6968
152
-7022
153
-7076
154
-7130
155
-7184
156
-7238
157
-7292
158
-7346
159
-7400
160
-7454
161
-7508
162
-7562
163
-7616
164
-7670
165
-7724
166
-7778
167
-7832
168
-7886
169
-7940
170
-7994
171
-8048
172
-8102
173
-8156
174
-8210
175
-8264
176
-8318
177
-8372
178
-8426
179
-8480
180
-8534
181
-8588
182
-8642
183
-8696
184
-8750
185
-8804
186
-8858
187
-8912
188
-8966
189
-9020
190
-9074
191
-9128
192
-9182
193
-9236
194
-9290
195
-9344
196
-9398
197
-9452
198
-9506
199
-9560
200
-9614
201
-9668
202
-9722
203
-9776
204
-9830
205
-9884
206
-9938
207
-9992
208
-10046
209
-10100
210
-10154
211
-10208
212
-10262
213
-10316
214
-10370
215
-10424
216
-10478
217
-10532
218
-10586
219
-10640
220
-10694
221
-10748
222
-10802
223
-10856
224
-10910
225
-10964
226
-11018
227
-11072
228
-11126
229
-11180
230
-11234
231
-11288
232
-11342
233
-11396
234
-11450
235
-11504
236
-11558
237
-11612
238
-11666
239
-11720
240
-11774
241
-11828
242
-11882
243
-11936
244
-11990
245
-12044
246
-12098
247
-12152
248
-12206
249
-12260
250
-12314
251
-12368
1
-29490
2
-5950
3
5793
4
11763
5
11709
6
11655
7
11601
8
11547
9
11493
10
11439
11
11385
12
11331
13
11277
14
11223
15
11169
16
11115
17
11061
18
11007
19
10953
20
10899
21
10845
22
10791
23
10737
24
10683
25
10629
26
10575
27
10521
28
10467
29
10413
30
10359
31
10305
32
10251
33
-18919
34
-1403
35
-24800
36
-4272
37
-4326
38
-4380
39
-4434
40
-4488
41
-4542
42
-4596
43
-4650
44
-4704
45
-4758
46
-4812
47
-4866
48
-4920
49
-4974
50
-5028
51
-5082
52
-5136
53
-5190
54
-5244
55
-5298
56
-5352
57
-5406
58
-5460
59
-5514
60
-5568
61
-5622
62
-5676
63
-5730
64
-5784
65
4453
66
9670
67
12377
68
-18299
69
-18353
70
-18407
71
-18461
72
-18515
73
-18569
74
-18623
75
-18677
76
-18731
77
-18785
78
-18839
79
-18893
7
-31970
14
-1867
29
13647
58
41354
117
24730
234
6633
213
-15928
170
-13749
85
-10241
171
14110
87
-30558
175
9594
95
-15204
190
-11401
124
-20391
249
-22937
242
-7347
229
-22773
202
-6442
148
-26577
40
-30665
80
-11864
161
14419
66
-17473
132
-1897
9
-32643
19
16556
39
-421
79
8954
159
2783
63
4977
127
3453
255
584
254
-19109
252
-18340
248
-37642
240
-26932
225
17057
194
-11612
133
2682
11
-14484
23
-15554
47
-7901
94
33585
188
9824
120
17265
241
9713
227
6432
198
-18200
141
3310
26
-36297
52
-1717
104
-3101
208
14021
160
-41092
64
-32660
128
22601
1
-27867
2
-13393
4
-17752
8
10252
17
20895
35
-20235
71
-4704
142
26990
28
16134
56
6479
113
-5962
226
5275
196
-23903
137
-29192
18
-39253
37
-24920
75
5204
151
-6973
46
-20366
92
12838
184
-1694
112
15643
224
-16560
192
11503
129
-43440
3
-28440
6
13761
12
10488
25
15499
50
8518
100
10245
201
198
146
-28608
36
-10253
73
-16675
147
1919
38
-35818
77
-18363
155
-2129
55
13077
110
-19986
220
-3947
185
-5415
114
4154
228
2062
200
-2243
144
-14187
32
-9373
65
-3601
130
11078
5
-22655
10
-14649
21
-3121
43
-14743
86
28795
173
-22607
91
10006
182
-6713
109
-10490
218
-5934
181
-28453
107
-43525
214
676
172
19090
89
-8107
178
9519
101
-11628
203
-8353
150
-31008
44
-14213
88
-7630
176
-34038
97
-14960
195
1713
135
-10551
15
-35370
31
-13990
62
-10516
125
29164
251
15556
246
-587
237
-38503
219
-37585
183
-27118
111
-33083
222
-15234
189
-35669
122
-596
245
-12797
235
27714
215
-9207
174
763
93
-39403
186
-10373
116
-45
232
-22038
209
-22302
162
5363
68
-22968
136
25293
16
-22962
33
-1076
67
6770
134
-4078
13
-11499
27
30540
54
-29532
108
-9213
216
1163
177
-9971
99
-10147
199
33401
143
4817
30
881
60
-1465
121
15056
243
-4030
231
-5828
206
-28878
156
-41269
57
-8308
115
-4267
230
31291
204
-19841
152
-15707
49
-13040
98
-8082
197
22914
139
-17035
22
15729
45
-5764
90
-14073
180
-5364
105
4362
210
-11344
164
338
72
-28186
145
-25388
34
-24948
69
11847
138
24166
20
-13534
41
-1308
82
1073
165
-14771
74
-31731
149
9378
42
6460
84
23252
169
24587
83
8276
167
-10318
78
-15617
157
5042
59
-24861
119
17783
238
11881
221
-1542
187
-19010
118
-40352
236
10400
217
-25268
179
-17378
103
-14809
207
4503
158
-1368
61
10880
123
-36597
247
382
239
-2330
223
-39153
191
-7234
126
-33414
253
-32471
250
-11869
244
-26918
233
-14545
211
-23575
166
1239
76
-38614
153
-11168
51
-35965
102
-27164
205
38996
154
-19084
53
-8304
106
-18064
212
-2129
168
-7320
81
1023
163
10778
70
-14527
140
-15809
24
-9146
48
26991
96
1157
193
-132
131
-12367
7
-31970
14
-1867
29
13647
58
41354
117
24730
234
6633
213
-15928
170
-13749
85
-10241
171
14110
87
-30558
175
9594
95
-15204
190
-11401
124
-20391
249
-22937
242
-7347
229
-22773
202
-6442
148
-26577
40
-30665
80
-11864
161
14419
66
-17473
132
-1897
9
-32643
19
16556
39
-421
79
8954
159
2783
63
4977
127
3453
255
584
254
-19109
252
-18340
248
-37642
240
-26932
225
17057
194
-11612
133
2682
11
-14484
23
-15554
47
-7901
94
33585
188
9824
120
17265
241
9713
227
6432
198
-18200
141
3310
26
-36297
52
-1717
104
-3101
208
14021
160
-41092
64
-32660
128
22601
1
-27867
2
-13393
4
-17752
8
10252
17
20895
35
-20235
71
-4704
142
26990
28
16134
56
6479
113
-5962
226
5275
196
-23903
137
-29192
18
-39253
37
-24920
75
5204
151
-6973
46
-20366
92
12838
184
-1694
112
15643
224
-16560
192
11503
129
-43440
3
-28440
6
13761
12
10488
25
15499
50
8518
100
10245
201
198
146
-28608
36
-10253
73
-16675
147
1919
38
-35818
77
-18363
155
-2129
55
13077
110
-19986
220
-3947
185
-5415
114
4154
228
2062
200
-2243
144
-14187
32
-9373
65
-3601
130
11078
5
-22655
10
-14649
21
-3121
43
-14743
86
28795
173
-22607
91
10006
182
-6713
109
-10490
218
-5934
181
-28453
107
-43525
214
676
172
19090
89
-8107
178
9519
101
-11628
203
-8353
150
-31008
44
-14213
88
-7630
176
-34038
97
-14960
195
1713
135
-10551
15
-35370
31
-13990
62
-10516
125
29164
251
15556
246
-587
237
-38503
219
-37585
183
-27118
111
-33083
222
-15234
189
-35669
122
-596
245
-12797
235
27714
215
-9207
174
763
93
-39403
186
-10373
116
-45
232
-22038
209
-22302
162
5363
68
-22968
136
25293
16
-22962
33
-1076
67
6770
134
-4078
13
-11499
27
30540
54
-29532
108
-9213
216
1163
177
-9971
99
-10147
199
33401
143
4817
30
881
60
-1465
121
15056
243
-4030
231
-5828
206
-28878
156
-41269
57
-8308
115
-4267
230
31291
204
-19841
152
-15707
49
-13040
98
-8082
197
22914
139
-17035
22
15729
45
-5764
90
-14073
180
-5364
105
4362
210
-11344
164
338
72
-28186
145
-25388
34
-24948
69
11847
138
24166
20
-13534
41
-1308
82
1073
165
-14771
74
-31731
149
9378
42
6460
84
23252
169
24587
83
8276
167
-10318
78
-15617
157
5042
59
-24861
119
17783
238
11881
221
-1542
187
-19010
118
-40352
236
10400
217
-25268
179
-17378
103
-14809
207
4503
158
-1368
61
10880
123
-36597
247
382
239
-2330
223
-39153
191
-7234
36
-10253
73
-16675
147
1919
38
-35818
77
-18363
155
-2129
55
13077
110
-19986
220
-3947
185
-5415
114
4154
228
2062
200
-2243
144
-14187
32
-9373
65
-3601
130
11078
5
-22655
10
-14649
21
-3121
43
-14743
86
28795
173
-22607
91
10006
182
-6713
109
-10490
218
-5934
181
-28453
107
-43525
214
676
172
19090
89
-8107
178
9519
101
-11628
203
-8353
150
-31008
44
-14213
88
-7630
176
-34038
97
-14960
195
1713
135
-10551
15
-35370
31
-13990
62
-10516
125
29164
251
15556
246
-587
237
-38503
219
-37585
183
-27118
111
-33083
222
-15234
189
-35669
122
-596
245
-12797
235
27714
215
-9207
174
763
93
-39403
186
-10373
116
-45
232
-22038
209
-22302
162
5363
68
-22968
136
25293
16
-22962
33
-1076
67
6770
134
-4078
13
-11499
27
30540
54
-29532
108
-9213
216
1163
177
-9971
99
-10147
199
33401
143
4817
30
881
60
-1465
121
15056
243
-4030
231
-5828
206
-28878
156
-41269
57
-8308
115
-4267
230
31291
204
-19841
152
-15707
49
-13040
98
-8082
197
22914
139
-17035
22
15729
45
-5764
90
-14073
180
-5364
105
4362
210
-11344
164
338
72
-28186
145
-25388
34
-24948
69
11847
138
24166
20
-13534
41
-1308
82
1073
165
-14771
74
-31731
149
9378
42
6460
84
23252
169
24587
83
8276
167
-10318
78
-15617
157
5042
59
-24861
119
17783
238
11881
221
-1542
187
-19010
118
-40352
236
10400
217
-25268
179
-17378
103
-14809
207
4503
158
-1368
61
10880
123
-36597
247
382
239
-2330
223
-39153
191
-7234
126
-33414
253
-32471
250
-11869
244
-26918
233
-14545
211
-23575
166
1239
76
-38614
153
-11168
51
-35965
102
-27164
205
38996
154
-19084
53
-8304
106
-18064
212
-2129
168
-7320
81
1023
163
10778
70
-14527
140
-15809
24
-9146
48
26991
96
1157
193
-132
131
-12367
7
-31970
14
-1867
29
13647
58
41354
117
24730
234
6633
213
-15928
170
-13749
85
-10241
171
14110
87
-30558
175
9594
95
-15204
190
-11401
124
-20391
249
-22937
242
-7347
229
-22773
202
-6442
148
-26577
40
-30665
80
-11864
161
14419
66
-17473
132
-1897
9
-32643
19
16556
39
-421
79
8954
159
2783
63
4977
127
3453
255
584
254
-19109
252
-18340
248
-37642
240
-26932
225
17057
194
-11612
133
2682
11
-14484
23
-15554
47
-7901
94
33585
188
9824
120
17265
241
9713
227
6432
198
-18200
141
3310
26
-36297
52
-1717
104
-3101
208
14021
160
-41092
64
-32660
128
22601
1
-27867
2
-13393
4
-17752
8
10252
17
20895
35
-20235
71
-4704
142
26990
28
16134
56
6479
113
-5962
226
5275
196
-23903
137
-29192
18
-39253
37
-24920
75
5204
151
-6973
46
-20366
92
12838
184
-1694
112
15643
224
-16560
192
11503
129
-43440
3
-28440
6
13761
12
10488
25
15499
50
8518
100
10245
201
198
146
-28608
36
-10253
73
-16675
147
1919
38
-35818
77
-18363
155
-2129
55
13077
110
-19986
220
-3947
185
-5415
114
4154
228
2062
200
-2243
144
-14187
32
-9373
65
-3601
130
11078
5
-22655
10
-14649
21
-3121
43
-14743
86
28795
173
-22607
91
10006
182
-6713
109
-10490
218
-5934
181
-28453
107
-43525
214
676
172
19090
89
-8107
178
9519
101
-11628
203
-8353
150
-31008
44
-14213
88
-7630
176
-34038
97
-14960
195
1713
135
-10551
15
-35370
31
-13990
62
-10516
125
29164
251
15556
246
-587
237
-38503
219
-37585
183
-27118
111
-33083
222
-15234
189
-35669
122
-596
245
-12797
235
27714
215
-9207
174
763
93
-39403
186
-10373
116
-45
232
-22038
209
-22302
162
5363
68
-22968
136
25293
16
-22962
33
-1076
67
6770
134
-4078
13
-11499
27
30540
54
-29532
108
-9213
216
1163
177
-9971
99
-10147
199
33401
143
4817
30
881
60
-1465
121
15056
243
-4030
231
-5828
206
-28878
156
-41269
57
-8308
115
-4267
230
31291
204
-19841
152
-15707
49
-13040
98
-8082
197
22914
139
-17035
22
15729
45
-5764
90
-14073
180
-5364
105
4362
210
-11344
164
338
72
-28186
145
-25388
34
-24948
69
11847
138
24166
20
-13534
41
-1308
82
1073
165
-14771
74
-31731
149
9378
42
6460
84
23252
169
24587
83
8276
167
-10318
78
-15617
157
5042
59
-24861
119
17783
238
11881
221
-1542
187
-19010
118
-40352
236
10400
217
-25268
179
-17378
103
-14809
207
4503
158
-1368
61
10880
123
-36597
247
382
239
-2330
223
-39153
191
-7234
126
-33414
253
-32471
250
-11869
244
-26918
233
-14545
211
-23575
166
1239
76
-38614
153
-11168
51
-35965
102
-27164
205
38996
154
-19084
53
-8304
106
-18064
212
-2129
168
-7320
81
1023
163
10778
70
-14527
140
-15809
24
-9146
48
26991
96
1157
193
-132
131
-12367
7
-31970
14
-1867
29
13647
58
41354
117
24730
234
6633
213
-15928
170
-13749
85
-10241
171
14110
87
-30558
175
9594
95
-15204
190
-11401
124
-20391
249
-22937
242
-7347
229
-22773
202
-6442
148
-26577
40
-30665
80
-11864
161
14419
66
-17473
132
-1897
9
-32643
19
16556
39
-421
79
8954
159
2783
63
4977
127
3453
255
584
254
-19109
252
-18340
248
-37642
240
-26932
225
17057
194
-11612
133
2682
11
-14484
23
-15554
47
-7901
94
33585
188
9824
120
17265
241
9713
227
6432
198
-18200
141
3310
26
-36297
52
-1717
104
-3101
208
14021
160
-41092
64
-32660
128
22601
1
-27867
2
-13393
4
-17752
8
10252
17
20895
35
-20235
71
-4704
204
-19841
152
-15707
49
-13040
98
-8082
197
22914
139
-17035
22
15729
45
-5764
90
-14073
180
-5364
105
4362
210
-11344
164
338
72
-28186
145
-25388
34
-24948
69
11847
138
24166
20
-13534
41
-1308
82
1073
165
-14771
74
-31731
149
9378
42
6460
84
23252
169
24587
83
8276
167
-10318
78
-15617
157
5042
59
-24861
119
17783
238
11881
221
-1542
187
-19010
118
-40352
236
10400
217
-25268
179
-17378
103
-14809
207
4503
158
-1368
61
10880
123
-36597
247
382
239
-2330
223
-39153
191
-7234
126
-33414
253
-32471
250
-11869
244
-26918
233
-14545
211
-23575
166
1239
76
-38614
153
-11168
51
-35965
102
-27164
205
38996
154
-19084
53
-8304
106
-18064
212
-2129
168
-7320
81
1023
163
10778
70
-14527
140
-15809
24
-9146
48
26991
96
1157
193
-132
131
-12367
7
-31970
14
-1867
29
13647
58
41354
117
24730
234
6633
213
-15928
170
-13749
85
-10241
171
14110
87
-30558
175
9594
95
-15204
190
-11401
124
-20391
249
-22937
242
-7347
229
-22773
202
-6442
148
-26577
40
-30665
80
-11864
161
14419
66
-17473
132
-1897
9
-32643
19
16556
39
-421
79
8954
159
2783
63
4977
127
3453
255
584
254
-19109
252
-18340
248
-37642
240
-26932
225
17057
194
-11612
133
2682
11
-14484
23
-15554
47
-7901
94
33585
188
9824
120
17265
241
9713
227
6432
198
-18200
141
3310
26
-36297
52
-1717
104
-3101
208
14021
160
-41092
64
-32660
128
22601
1
-27867
2
-13393
4
-17752
8
10252
17
20895
35
-20235
71
-4704
142
26990
28
16134
56
6479
113
-5962
226
5275
196
-23903
137
-29192
18
-39253
37
-24920
75
5204
151
-6973
46
-20366
92
12838
184
-1694
112
15643
224
-16560
192
11503
129
-43440
3
-28440
6
13761
12
10488
25
15499
50
8518
100
10245
201
198
146
-28608
36
-10253
73
-16675
147
1919
38
-35818
77
-18363
155
-2129
55
13077
110
-19986
220
-3947
185
-5415
114
4154
228
2062
200
-2243
144
-14187
32
-9373
65
-3601
130
11078
5
-22655
10
-14649
21
-3121
43
-14743
86
28795
173
-22607
91
10006
182
-6713
109
-10490
218
-5934
181
-28453
107
-43525
214
676
172
19090
89
-8107
178
9519
101
-11628
203
-8353
150
-31008
44
-14213
88
-7630
176
-34038
97
-14960
195
1713
135
-10551
15
-35370
31
-13990
62
-10516
125
29164
251
15556
246
-587
237
-38503
219
-37585
183
-27118
111
-33083
222
-15234
189
-35669
122
-596
245
-12797
235
27714
215
-9207
174
763
93
-39403
186
-10373
116
-45
232
-22038
209
-22302
162
5363
68
-22968
136
25293
16
-22962
33
-1076
67
6770
134
-4078
13
-11499
27
30540
54
-29532
108
-9213
216
1163
177
-9971
99
-10147
199
33401
143
4817
30
881
60
-1465
121
15056
243
-4030
231
-5828
206
-28878
156
-41269
57
-8308
115
-4267
230
31291
204
-19841
152
-15707
49
-13040
98
-8082
197
22914
139
-17035
22
15729
45
-5764
90
-14073
180
-5364
105
4362
210
-11344
164
338
72
-28186
145
-25388
34
-24948
69
11847
138
24166
20
-13534
41
-1308
82
1073
165
-14771
74
-31731
149
9378
42
6460
84
23252
169
24587
83
8276
167
-10318
78
-15617
157
5042
59
-24861
119
17783
238
11881
221
-1542
187
-19010
118
-40352
236
10400
217
-25268
179
-17378
103
-14809
207
4503
158
-1368
61
10880
123
-36597
247
382
239
-2330
223
-39153
191
-7234
126
-33414
253
-32471
250
-11869
244
-26918
233
-14545
211
-23575
166
1239
76
-38614
153
-11168
51
-35965
102
-27164
205
38996
154
-19084
53
-8304
106
-18064
212
-2129
168
-7320
81
1023
163
10778
70
-14527
140
-15809
24
-9146
48
26991
96
1157
193
-132
131
-12367
7
-31970
14
-1867
29
13647
58
41354
117
24730
234
6633
213
-15928
170
-13749
85
-10241
171
14110
87
-30558
175
9594
95
-15204
190
-11401
124
-20391
249
-22937
242
-7347
229
-22773
202
-6442
148
-26577
40
-30665
80
-11864
161
14419
66
-17473
132
-1897
9
-32643
19
16556
39
-421
79
8954
159
2783
63
4977
127
3453
255
584
254
-19109
252
-18340
248
-37642
240
-26932
225
17057
194
-11612
133
2682
11
-14484
23
-15554
47
-7901
94
33585
188
9824
120
17265
241
9713
227
6432
198
-18200
141
3310
26
-36297
52
-1717
104
-3101
208
14021
160
-41092
64
-32660
128
22601
1
-27867
2
-13393
4
-17752
8
10252
17
20895
35
-20235
71
-4704
142
26990
28
16134
56
6479
113
-5962
226
5275
196
-23903
137
-29192
18
-39253
37
-24920
75
5204
151
-6973
46
-20366
92
12838
184
-1694
112
15643
224
-16560
192
11503
129
-43440
3
-28440
6
13761
12
10488
25
15499
50
8518
100
10245
201
198
146
-28608
36
-10253
73
-16675
147
1919
38
-35818
77
-18363
155
-2129
55
13077
110
-19986
220
-3947
185
-5415
114
4154
228
2062
200
-2243
144
-14187
32
-9373
65
-3601
130
11078
5
-22655
10
-14649
21
-3121
43
-14743
86
28795
173
-22607
91
10006
182
-6713
109
-10490
218
-5934
181
-28453
107
-43525
214
676
172
19090
89
-8107
178
9519
101
-11628
203
-8353
150
-31008
44
-14213
88
-7630
176
-34038
97
-14960
195
1713
135
-10551
15
-35370
31
-13990
62
-10516
125
29164
251
15556
246
-587
237
-38503
219
-37585
183
-27118
111
-33083
222
-15234
189
-35669
122
-596
245
-12797
235
27714
215
-9207
174
763
93
-39403
186
-10373
116
-45
232
-22038
209
-22302
