133
7723
134
7672
135
7694
136
7716
137
7738
138
7760
139
7782
140
7804
141
7826
142
7848
143
7870
144
7892
145
7914
146
7936
147
7958
148
7980
149
8002
150
8024
151
8046
152
8068
153
8090
154
8112
155
8134
156
8156
157
8178
158
8200
159
8222
160
8244
161
8266
162
8288
163
8310
164
8332
165
8354
166
8376
167
8398
168
8420
169
8442
170
8464
171
8486
172
8508
173
8530
174
8552
175
8574
176
8596
177
8618
178
8640
179
8662
180
8684
181
8706
182
8728
183
8750
184
8772
185
8794
186
8816
187
8838
188
8860
189
8882
190
8904
191
8926
192
8948
193
8970
194
8992
195
9014
196
9036
197
9058
198
9080
199
9102
200
9124
201
9146
202
9168
203
9190
204
9212
205
9234
206
9256
207
9278
208
9300
209
9322
210
9344
211
9366
212
9388
213
9410
214
9432
215
9454
216
9476
217
9498
218
9520
219
9542
220
9564
221
9586
222
9608
223
9630
224
9652
225
9674
226
9696
227
9718
228
9740
229
9762
230
9784
231
9806
232
9828
233
9850
234
9872
235
9894
236
9916
237
9938
238
9960
239
9982
240
10004
241
10026
242
10048
243
10070
244
10092
245
10114
246
10136
247
10158
248
10180
249
10202
250
10224
251
10246
1
-16840
2
-30372
3
-37127
4
-40368
5
-9724
6
-9702
7
-9680
8
-9658
9
-9636
10
-9614
11
-9592
12
-9570
13
-9548
14
-9526
15
-9504
16
-9482
17
-9460
18
-9438
19
-9416
20
-9394
21
-9372
22
-9350
23
-9328
24
-9306
25
-9284
26
-9262
27
-9240
28
-9218
29
-9196
30
-9174
31
-9152
32
-9130
33
-25925
34
-34186
35
-38180
36
-8038
37
-25084
38
-25062
39
-25040
40
-25018
41
-24996
42
-24974
43
-24952
44
-24930
45
-24908
46
-24886
47
-24864
48
-24842
49
-24820
50
-24798
51
-24776
52
-24754
53
-24732
54
-24710
55
-24688
56
-24666
57
-24644
58
-24622
59
-24600
60
-24578
61
-24556
62
-24534
63
-24512
64
-24490
65
-874
66
10945
67
16991
68
-12103
69
5489
70
5511
71
5533
72
5555
73
5577
74
5599
75
5621
76
5643
77
5665
78
5687
79
5709
80
5731
81
5753
82
5775
83
5797
84
5819
85
5841
86
5863
87
5885
88
5907
89
5929
90
5951
91
5973
92
5995
93
6017
94
6039
95
6061
96
6083
97
-17238
98
3366
99
13679
100
18972
101
21755
102
21777
103
21799
104
21821
105
21843
106
21865
107
21887
108
21909
109
21931
110
21953
111
21975
112
21997
113
22019
114
22041
115
22063
116
22085
117
22107
118
22129
119
22151
120
22173
121
22195
122
22217
123
22239
124
22261
125
22283
126
22305
127
22327
128
22349
129
-8251
130
8588
131
17144
132
-10695
133
7650
134
7672
135
7694
136
7716
137
7738
138
7760
139
7782
140
7804
141
7826
142
7848
143
7870
144
7892
145
7914
146
7936
147
7958
148
7980
149
8002
150
8024
151
8046
152
8068
153
8090
154
8112
155
8134
156
8156
157
8178
158
8200
159
8222
160
8244
161
8266
162
8288
163
8310
164
8332
165
8354
166
8376
167
8398
168
8420
169
8442
170
8464
171
8486
172
8508
173
8530
174
8552
175
8574
176
8596
177
8618
178
8640
179
8662
180
8684
181
8706
182
8728
183
8750
184
8772
185
8794
186
8816
187
8838
188
8860
189
8882
190
8904
191
8926
192
8948
193
8970
194
8992
195
9014
196
9036
197
9058
198
9080
199
9102
200
9124
201
9146
202
9168
203
9190
204
9212
205
9234
206
9256
207
9278
208
9300
209
9322
210
9344
211
9366
212
9388
213
9410
214
9432
215
9454
216
9476
217
9498
218
9520
219
9542
220
9564
221
9586
222
9608
223
9630
224
9652
225
9674
226
9696
227
9718
228
9740
229
9762
230
9784
231
9806
232
9828
233
9850
234
9872
235
9894
236
9916
237
9938
238
9960
239
9982
240
10004
241
10026
242
10048
243
10070
244
10092
245
10114
246
10136
247
10158
248
10180
249
10202
250
10224
251
10246
1
-16840
2
-30372
3
-37127
4
-40368
5
-9724
6
-9702
7
-9680
8
-9658
9
-9636
10
-9614
11
-9592
12
-9570
13
-9548
14
-9526
15
-9504
16
-9482
17
-9460
18
-9438
19
-9416
20
-9394
21
-9372
22
-9350
23
-9328
24
-9306
25
-9284
26
-9262
27
-9240
28
-9218
29
-9196
30
-9174
31
-9152
32
-9130
33
-25925
34
-34186
35
-38180
36
-8038
37
-25084
38
-25062
39
-25040
40
-25018
41
-24996
42
-24974
43
-24952
44
-24930
45
-24908
46
-24886
47
-24864
48
-24842
49
-24820
50
-24798
51
-24776
52
-24754
53
-24732
54
-24710
55
-24688
56
-24666
57
-24644
58
-24622
59
-24600
60
-24578
61
-24556
62
-24534
63
-24512
64
-24490
65
-874
66
10945
67
16991
68
-12103
69
5489
70
5511
71
5533
72
5555
73
5577
74
5599
75
5621
76
5643
77
5665
78
5687
79
5709
80
5731
81
5753
82
5775
83
5797
84
5819
85
5841
86
5863
87
5885
88
5907
89
5929
90
5951
91
5973
92
5995
93
6017
94
6039
95
6061
96
6083
97
-17238
98
3366
99
13679
100
18972
101
21755
102
21777
103
21799
104
21821
105
21843
106
21865
107
21887
108
21909
109
21931
110
21953
111
21975
112
21997
113
22019
114
22041
115
22063
116
22085
117
22107
118
22129
119
22151
120
22173
121
22195
122
22217
123
22239
124
22261
125
22283
126
22305
127
22327
128
22349
129
-8251
130
8588
131
17144
132
-10695
133
7650
134
7672
135
7694
136
7716
137
7738
138
7760
139
7782
140
7804
141
7826
142
7848
143
7870
144
7892
145
7914
146
7936
147
7958
148
7980
149
8002
150
8024
151
8046
152
8068
153
8090
154
8112
155
8134
156
8156
157
8178
158
8200
159
8222
160
8244
161
8266
162
8288
163
8310
164
8332
165
8354
166
8376
167
8398
168
8420
169
8442
170
8464
171
8486
172
8508
173
8530
174
8552
175
8574
176
8596
177
8618
178
8640
179
8662
180
8684
181
8706
182
8728
183
8750
184
8772
185
8794
186
8816
187
8838
188
8860
189
8882
190
8904
191
8926
192
8948
193
8970
194
8992
195
9014
196
9036
197
9058
198
9080
199
9102
200
9124
201
9146
202
9168
203
9190
204
9212
205
9234
206
9256
207
9278
208
9300
209
9322
210
9344
211
9366
212
9388
213
9410
214
9432
215
9454
216
9476
217
9498
218
9520
219
9542
220
9564
221
9586
222
9608
223
9630
224
9652
225
9674
226
9696
227
9718
228
9740
229
9762
230
9784
231
9806
232
9828
233
9850
234
9872
235
9894
236
9916
237
9938
238
9960
239
9982
240
10004
241
10026
242
10048
243
10070
244
10092
245
10114
246
10136
247
10158
248
10180
249
10202
250
10224
251
10246
1
-16840
2
-30372
3
-37127
4
-40368
5
-9724
6
-9702
7
-9680
8
-9658
9
-9636
10
-9614
11
-9592
12
-9570
13
-9548
14
-9526
15
-9504
16
-9482
17
-9460
18
-9438
19
-9416
20
-9394
21
-9372
22
-9350
23
-9328
24
-9306
25
-9284
26
-9262
27
-9240
28
-9218
29
-9196
30
-9174
31
-9152
32
-9130
33
-25925
34
-34186
35
-38180
36
-8038
37
-25084
38
-25062
39
-25040
40
-25018
41
-24996
42
-24974
43
-24952
44
-24930
45
-24908
46
-24886
47
-24864
48
-24842
49
-24820
50
-24798
51
-24776
52
-24754
53
-24732
54
-24710
55
-24688
56
-24666
57
-24644
58
-24622
59
-24600
60
-24578
61
-24556
62
-24534
63
-24512
64
-24490
65
-874
66
10945
67
16991
68
-12103
69
5489
70
5511
71
5533
72
5555
73
5577
74
5599
75
5621
76
5643
77
5665
78
5687
79
5709
80
5731
81
5753
82
5775
83
5797
84
5819
85
5841
86
5863
87
5885
88
5907
89
5929
90
5951
91
5973
92
5995
93
6017
94
6039
95
6061
96
6083
97
-17238
98
3366
99
13679
100
18972
101
21755
102
21777
103
21799
104
21821
105
21843
106
21865
107
21887
108
21909
109
21931
110
21953
111
21975
112
21997
113
22019
114
22041
115
22063
116
22085
117
22107
118
22129
119
22151
120
22173
121
22195
122
22217
123
22239
124
22261
125
22283
126
22305
127
22327
128
22349
129
-8251
130
8588
131
17144
132
-10695
133
7650
134
7672
135
7694
136
7716
137
7738
138
7760
139
7782
140
7804
141
7826
142
7848
143
7870
144
7892
145
7914
146
7936
147
7958
148
7980
149
8002
150
8024
151
8046
152
8068
153
8090
154
8112
155
8134
156
8156
157
8178
158
8200
159
8222
160
8244
161
8266
162
8288
163
8310
164
8332
165
8354
166
8376
167
8398
168
8420
169
8442
170
8464
171
8486
172
8508
173
8530
174
8552
175
8574
176
8596
177
8618
178
8640
179
8662
180
8684
181
8706
182
8728
183
8750
184
8772
185
8794
186
8816
187
8838
188
8860
189
8882
190
8904
191
8926
192
8948
193
8970
194
8992
195
9014
196
9036
197
9058
198
9080
199
9102
200
9124
201
9146
202
9168
203
9190
204
9212
205
9234
206
9256
207
9278
208
9300
209
9322
210
9344
211
9366
212
9388
213
9410
214
9432
215
9454
216
9476
217
9498
218
9520
219
9542
220
9564
221
9586
222
9608
223
9630
224
9652
225
9674
226
9696
227
9718
228
9740
229
9762
230
9784
231
9806
232
9828
233
9850
234
9872
235
9894
236
9916
237
9938
238
9960
239
9982
240
10004
241
10026
242
10048
243
10070
244
10092
245
10114
246
10136
247
10158
248
10180
249
10202
250
10224
251
10246
1
-16840
2
-30372
3
-37127
4
-40368
5
-9724
6
-9702
7
-9680
8
-9658
9
-9636
10
-9614
11
-9592
12
-9570
13
-9548
14
-9526
15
-9504
16
-9482
17
-9460
18
-9438
19
-9416
20
-9394
21
-9372
22
-9350
23
-9328
24
-9306
25
-9284
26
-9262
27
-9240
28
-9218
29
-9196
30
-9174
31
-9152
32
-9130
33
-25925
34
-34186
35
-38180
36
-8038
37
-25084
38
-25062
39
-25040
40
-25018
41
-24996
42
-24974
43
-24952
44
-24930
45
-24908
46
-24886
47
-24864
48
-24842
49
-24820
50
-24798
51
-24776
52
-24754
53
-24732
54
-24710
55
-24688
56
-24666
57
-24644
58
-24622
59
-24600
60
-24578
61
-24556
62
-24534
63
-24512
64
-24490
65
-874
66
10945
67
16991
68
-12103
69
5489
70
5511
23
-15047
47
-17622
94
-35141
188
18250
120
28601
241
27594
227
62159
198
8727
141
48121
26
-55437
52
-6367
104
-1630
208
-12844
160
17397
64
19628
128
8067
1
-35896
2
-38862
4
-27216
8
-13334
17
1995
35
-15748
71
-15434
142
23533
28
62843
56
18531
113
17537
226
-449
196
1595
137
9701
18
-29241
37
-25924
75
-27386
151
-17152
46
-16554
92
16467
184
-15654
112
5801
224
12655
192
13325
129
-9697
3
-16214
6
-54206
12
-20066
25
11985
50
26613
100
-19546
201
14613
146
27670
36
27556
73
-5716
147
-18246
38
-8982
77
26678
155
5226
55
-41031
110
-11424
220
11824
185
-1754
114
36935
228
43567
200
-3599
144
-6802
32
-6622
65
-8900
130
19445
5
-11828
10
-22486
21
-20723
43
-13376
86
2805
173
-12427
91
43099
182
-11412
109
-15078
218
-2016
181
13984
107
-14048
214
7430
172
44813
89
-4861
178
9200
101
1570
203
8595
150
57932
44
-7094
88
427
176
664
97
7130
195
20117
135
23317
15
-38866
31
-21715
62
-23655
125
12411
251
7866
246
37874
237
17991
219
41516
183
16460
111
-20280
222
8816
189
-742
122
13521
245
-5128
235
30017
215
19386
174
42101
93
6423
186
20968
116
-38517
232
13743
209
5680
162
-9345
68
32622
136
-655
16
-12765
33
-7538
67
2632
134
31461
13
9286
27
10783
54
-6959
108
13238
216
9848
177
1368
99
-8410
199
27411
143
23241
30
8829
60
-20333
121
19933
243
36648
231
46871
206
63573
156
10462
57
-20457
115
-35677
230
20583
204
-5665
152
25768
49
441
98
-9146
197
34111
139
-20319
22
-5287
45
-18938
90
-42317
180
-13708
105
11606
210
34554
164
23259
72
-28236
145
3034
34
-15320
69
-8034
138
45705
20
-2059
41
-24088
82
-41735
165
-17173
74
1934
149
-25884
42
-6452
84
33023
169
8063
83
16401
167
22489
78
-18744
157
-18966
59
-23799
119
16885
238
7573
221
-17868
187
24760
118
3001
236
147
217
-22804
179
6624
103
20930
207
-1935
158
-6468
61
32167
123
-19955
247
17226
239
49557
223
31632
191
-2720
126
-741
253
8148
250
3962
244
24384
233
36623
211
7346
166
-11099
76
-38674
153
-35272
51
-45623
102
-13794
205
18863
154
1078
53
29453
106
-23068
212
-22576
168
-3145
81
36367
163
36831
70
-21178
140
-31963
24
25473
48
-675
96
-3138
193
-12339
131
-7
7
16266
14
-2362
29
-43413
58
29977
117
36575
234
6673
213
58252
170
26671
85
14583
171
49339
87
-24275
175
317
95
21843
190
22384
124
17603
249
29414
242
19412
229
-13825
202
56743
148
-10012
40
-10384
80
-7269
161
-6987
66
-38380
132
-13429
9
16598
19
-10001
39
-58514
79
-28908
159
25296
63
18053
127
-7065
255
26148
254
2808
252
-11644
248
5382
240
-3918
225
14723
194
36473
133
-16425
11
-54414
23
-22931
47
-17622
94
-35141
188
18250
120
28601
241
27594
227
62159
198
8727
141
48121
26
-55437
52
-6367
104
-1630
208
-12844
160
17397
64
19628
128
8067
1
-35896
2
-38862
4
-27216
8
-13334
17
1995
35
-15748
71
-15434
142
23533
28
62843
56
18531
113
17537
226
-449
196
1595
137
9701
18
-29241
37
-25924
75
-27386
151
-17152
46
-16554
92
16467
184
-15654
112
5801
224
12655
192
13325
129
-9697
3
-16214
6
-54206
12
-20066
25
11985
50
26613
100
-19546
201
14613
146
27670
36
27556
73
-5716
147
-18246
38
-8982
77
26678
155
5226
55
-41031
110
-11424
220
11824
185
-1754
114
36935
228
43567
200
-3599
144
-6802
32
-6622
65
-8900
130
19445
5
-11828
10
-22486
21
-20723
43
-13376
86
2805
173
-12427
91
43099
182
-11412
109
-15078
218
-2016
181
13984
107
-14048
214
7430
172
44813
89
-4861
178
9200
101
1570
203
8595
150
57932
44
-7094
88
427
176
664
97
7130
195
20117
135
23317
15
-38866
31
-21715
62
-23655
125
12411
251
7866
246
37874
237
17991
219
41516
183
16460
111
-20280
222
8816
189
-742
122
13521
245
-5128
235
30017
215
19386
174
42101
93
6423
186
20968
116
-38517
232
13743
209
5680
162
-9345
68
32622
136
-655
16
-12765
33
-7538
67
2632
134
31461
13
9286
27
10783
54
-6959
108
13238
216
9848
177
1368
99
-8410
199
27411
143
23241
30
8829
60
-20333
121
19933
243
36648
231
46871
206
63573
156
10462
57
-20457
115
-35677
230
20583
204
-5665
152
25768
49
441
98
-9146
197
34111
139
-20319
22
-5287
45
-18938
90
-42317
180
-13708
105
11606
210
34554
164
23259
72
-28236
145
3034
34
-15320
69
-8034
138
45705
20
-2059
41
-24088
82
-41735
165
-17173
74
1934
149
-25884
42
-6452
84
33023
169
8063
83
16401
167
22489
78
-18744
157
-18966
59
-23799
119
16885
238
7573
221
-17868
187
24760
118
3001
236
147
217
-22804
179
6624
103
20930
207
-1935
158
-6468
61
32167
123
-19955
247
17226
239
49557
223
31632
135
32880
15
-38866
31
-21715
62
-23655
125
12411
251
7866
246
37874
237
17991
219
41516
183
16460
111
-20280
222
8816
189
-742
122
13521
245
-5128
235
30017
215
19386
174
42101
93
6423
186
20968
116
-38517
232
13743
209
5680
162
-9345
68
32622
136
-655
16
-12765
33
-7538
67
2632
134
31461
13
9286
27
10783
54
-6959
108
13238
216
9848
177
1368
99
-8410
199
27411
143
23241
30
8829
60
-20333
121
19933
243
36648
231
46871
206
63573
156
10462
57
-20457
115
-35677
230
20583
204
-5665
152
25768
49
441
98
-9146
197
34111
139
-20319
22
-5287
45
-18938
90
-42317
180
-13708
105
11606
210
34554
164
23259
72
-28236
145
3034
34
-15320
69
-8034
138
45705
20
-2059
41
-24088
82
-41735
165
-17173
74
1934
149
-25884
42
-6452
84
33023
169
8063
83
16401
167
22489
78
-18744
157
-18966
59
-23799
119
16885
238
7573
221
-17868
187
24760
118
3001
236
147
217
-22804
179
6624
103
20930
207
-1935
158
-6468
61
32167
123
-19955
247
17226
239
49557
223
31632
191
-2720
126
-741
253
8148
250
3962
244
24384
233
36623
211
7346
166
-11099
76
-38674
153
-35272
51
-45623
102
-13794
205
18863
154
1078
53
29453
106
-23068
212
-22576
168
-3145
81
36367
163
36831
70
-21178
140
-31963
24
25473
48
-675
96
-3138
193
-12339
131
-7
7
16266
14
-2362
29
-43413
58
29977
117
36575
234
6673
213
58252
170
26671
85
14583
171
49339
87
-24275
175
317
95
21843
190
22384
124
17603
249
29414
242
19412
229
-13825
202
56743
148
-10012
40
-10384
80
-7269
161
-6987
66
-38380
132
-13429
9
16598
19
-10001
39
-58514
79
-28908
159
25296
63
18053
127
-7065
255
26148
254
2808
252
-11644
248
5382
240
-3918
225
14723
194
36473
133
-16425
11
-54414
23
-22931
47
-17622
94
-35141
188
18250
120
28601
241
27594
227
62159
198
8727
141
48121
26
-55437
52
-6367
104
-1630
208
-12844
160
17397
64
19628
128
8067
1
-35896
2
-38862
4
-27216
8
-13334
17
1995
35
-15748
71
-15434
142
23533
28
62843
56
18531
113
17537
226
-449
196
1595
137
9701
18
-29241
37
-25924
75
-27386
151
-17152
46
-16554
92
16467
184
-15654
112
5801
224
12655
192
13325
129
-9697
3
-16214
6
-54206
12
-20066
25
11985
50
26613
100
-19546
201
14613
146
27670
36
27556
73
-5716
147
-18246
38
-8982
77
26678
155
5226
55
-41031
110
-11424
220
11824
185
-1754
114
36935
228
43567
200
-3599
144
-6802
32
-6622
65
-8900
130
19445
5
-11828
10
-22486
21
-20723
43
-13376
86
2805
173
-12427
91
43099
182
-11412
109
-15078
218
-2016
181
13984
107
-14048
214
7430
172
44813
89
-4861
178
9200
101
1570
203
8595
150
57932
44
-7094
88
427
176
664
97
7130
195
20117
135
23317
15
-38866
31
-21715
62
-23655
125
12411
251
7866
246
37874
237
17991
219
41516
183
16460
111
-20280
222
8816
189
-742
122
13521
245
-5128
235
30017
215
19386
174
42101
93
6423
186
20968
116
-38517
232
13743
209
5680
162
-9345
68
32622
136
-655
16
-12765
33
-7538
67
2632
134
31461
13
9286
27
10783
54
-6959
108
13238
216
9848
177
1368
99
-8410
199
27411
143
23241
30
8829
60
-20333
121
19933
243
36648
231
46871
206
63573
156
10462
57
-20457
115
-35677
230
20583
204
-5665
152
25768
49
441
98
-9146
197
34111
139
-20319
22
-5287
45
-18938
90
-42317
180
-13708
105
11606
210
34554
164
23259
72
-28236
145
3034
34
-15320
69
-8034
138
45705
20
-2059
41
-24088
82
-41735
165
-17173
74
1934
149
-25884
42
-6452
84
33023
169
8063
83
16401
167
22489
78
-18744
157
-18966
59
-23799
119
16885
238
7573
221
-17868
187
24760
118
3001
236
147
217
-22804
179
6624
103
20930
207
-1935
158
-6468
61
32167
123
-19955
247
17226
239
49557
223
31632
191
-2720
126
-741
253
8148
250
3962
244
24384
233
36623
211
7346
166
-11099
76
-38674
153
-35272
51
-45623
102
-13794
205
18863
154
1078
53
29453
106
-23068
212
-22576
168
-3145
81
36367
163
36831
70
-21178
140
-31963
24
25473
48
-675
96
-3138
193
-12339
131
-7
7
16266
14
-2362
29
-43413
58
29977
117
36575
234
6673
213
58252
170
26671
85
14583
171
49339
87
-24275
175
317
95
21843
190
22384
124
17603
249
29414
242
19412
229
-13825
202
56743
148
-10012
40
-10384
80
-7269
161
-6987
66
-38380
132
-13429
9
16598
19
-10001
39
-58514
79
-28908
159
25296
63
18053
127
-7065
255
26148
254
2808
252
-11644
248
5382
240
-3918
225
14723
194
36473
133
-16425
11
-54414
23
-22931
47
-17622
94
-35141
188
18250
120
28601
241
27594
227
62159
198
8727
141
48121
26
-55437
52
-6367
104
-1630
208
-12844
160
17397
64
19628
128
8067
1
-35896
2
-38862
4
-27216
8
-13334
17
1995
35
-15748
207
8723
158
-6468
61
32167
123
-19955
247
17226
239
49557
223
31632
191
-2720
126
-741
253
8148
250
3962
244
24384
233
36623
211
7346
166
-11099
76
-38674
153
-35272
51
-45623
102
-13794
205
18863
154
1078
53
29453
106
-23068
212
-22576
168
-3145
81
36367
163
36831
70
-21178
140
-31963
24
25473
48
-675
96
-3138
193
-12339
131
-7
7
16266
14
-2362
29
-43413
58
29977
117
36575
234
6673
213
58252
170
26671
85
14583
171
49339
87
-24275
175
317
95
21843
190
22384
124
17603
249
29414
242
19412
229
-13825
202
56743
148
-10012
40
-10384
80
-7269
161
-6987
66
-38380
132
-13429
9
16598
19
-10001
39
-58514
79
-28908
159
25296
63
18053
127
-7065
255
26148
254
2808
252
-11644
248
5382
240
-3918
225
14723
194
36473
133
-16425
11
-54414
23
-22931
47
-17622
94
-35141
188
18250
120
28601
241
27594
227
62159
198
8727
141
48121
26
-55437
52
-6367
104
-1630
208
-12844
160
17397
64
19628
128
8067
1
-35896
2
-38862
4
-27216
8
-13334
17
1995
35
-15748
71
-15434
142
23533
28
62843
56
18531
113
17537
226
-449
196
1595
137
9701
18
-29241
37
-25924
75
-27386
151
-17152
46
-16554
92
16467
184
-15654
112
5801
224
12655
192
13325
129
-9697
3
-16214
6
-54206
12
-20066
25
11985
50
26613
100
-19546
201
14613
146
27670
36
27556
73
-5716
147
-18246
38
-8982
77
26678
155
5226
55
-41031
110
-11424
220
11824
185
-1754
114
36935
228
43567
200
-3599
144
-6802
32
-6622
65
-8900
130
19445
5
-11828
10
-22486
21
-20723
43
-13376
86
2805
173
-12427
91
43099
182
-11412
109
-15078
218
-2016
181
13984
107
-14048
214
7430
172
44813
89
-4861
178
9200
101
1570
203
8595
150
57932
44
-7094
88
427
176
664
97
7130
195
20117
135
23317
15
-38866
31
-21715
62
-23655
125
12411
251
7866
246
37874
237
17991
219
41516
183
16460
111
-20280
222
8816
189
-742
122
13521
245
-5128
235
30017
215
19386
174
42101
93
6423
186
20968
116
-38517
232
13743
209
5680
162
-9345
68
32622
136
-655
16
-12765
33
-7538
67
2632
134
31461
13
9286
27
10783
54
-6959
108
13238
216
9848
177
1368
99
-8410
199
27411
143
23241
30
8829
60
-20333
121
19933
243
36648
231
46871
206
63573
156
10462
57
-20457
115
-35677
230
20583
204
-5665
152
25768
49
441
98
-9146
197
34111
139
-20319
22
-5287
45
-18938
90
-42317
180
-13708
105
11606
210
34554
164
23259
72
-28236
145
3034
34
-15320
69
-8034
138
45705
20
-2059
41
-24088
82
-41735
165
-17173
74
1934
149
-25884
42
-6452
84
33023
169
8063
83
16401
167
22489
78
-18744
157
-18966
59
-23799
119
16885
238
7573
221
-17868
187
24760
118
3001
236
147
217
-22804
179
6624
103
20930
207
-1935
158
-6468
61
32167
123
-19955
247
17226
239
49557
223
31632
191
-2720
126
-741
253
8148
250
3962
244
24384
233
36623
211
7346
166
-11099
76
-38674
153
-35272
51
-45623
102
-13794
205
18863
154
1078
53
29453
106
-23068
212
-22576
168
-3145
81
36367
163
36831
70
-21178
140
-31963
24
25473
48
-675
96
-3138
193
-12339
131
-7
7
16266
14
-2362
29
-43413
58
29977
117
36575
234
6673
213
58252
170
26671
85
14583
171
49339
87
-24275
175
317
95
21843
190
22384
124
17603
249
29414
242
19412
229
-13825
202
56743
148
-10012
40
-10384
80
-7269
161
-6987
66
-38380
132
-13429
9
16598
19
-10001
39
-58514
79
-28908
159
25296
63
18053
127
-7065
255
26148
254
2808
252
-11644
248
5382
240
-3918
225
14723
194
36473
133
-16425
11
-54414
23
-22931
47
-17622
94
-35141
188
18250
120
28601
241
27594
227
62159
198
8727
141
48121
26
-55437
52
-6367
104
-1630
208
-12844
160
17397
64
19628
128
8067
1
-35896
2
-38862
4
-27216
8
-13334
17
1995
35
-15748
71
-15434
142
23533
28
62843
56
18531
113
17537
226
-449
196
1595
137
9701
18
-29241
37
-25924
75
-27386
151
-17152
46
-16554
92
16467
184
-15654
112
5801
224
12655
192
13325
129
-9697
3
-16214
6
-54206
12
-20066
25
11985
50
26613
100
-19546
201
14613
146
27670
36
27556
73
-5716
147
-18246
38
-8982
77
26678
155
5226
55
-41031
110
-11424
220
11824
185
-1754
114
36935
228
43567
200
-3599
144
-6802
32
-6622
65
-8900
130
19445
5
-11828
10
-22486
21
-20723
43
-13376
86
2805
173
-12427
91
43099
182
-11412
109
-15078
218
-2016
181
13984
107
-14048
214
7430
172
44813
89
-4861
178
9200
101
1570
203
8595
150
57932
44
-7094
88
427
176
664
97
7130
195
20117
135
23317
15
-38866
31
-21715
62
-23655
125
12411
251
7866
246
37874
237
17991
219
41516
183
16460
111
-20280
222
8816
189
-742
122
13521
245
-5128
235
30017
215
19386
174
42101
93
6423
186
20968
116
-38517
232
13743
