199
5853
18109
200
5753
18339
201
5726
18442
202
5699
18545
203
5672
18648
204
5645
18751
205
5618
18854
206
5591
18957
207
5564
19060
208
5537
19163
209
5510
19266
210
5483
19369
211
5456
19472
212
5429
19575
213
5402
19678
214
5375
19781
215
5348
19884
216
5321
19987
217
5294
20090
218
5267
20193
219
5240
20296
220
5213
20399
221
5186
20502
222
5159
20605
223
5132
20708
224
5105
20811
225
5078
20914
226
5051
21017
227
5024
21120
228
4997
21223
229
4970
21326
230
4943
21429
231
4916
21532
232
4889
21635
233
4862
21738
234
4835
21841
235
4808
21944
236
4781
22047
237
4754
22150
238
4727
22253
239
4700
22356
240
4673
22459
241
4646
22562
242
4619
22665
243
4592
22768
244
4565
22871
245
4538
22974
246
4511
23077
247
4484
23180
248
4457
23283
249
4430
23386
250
4403
23489
251
4376
23592
1
-18241
-8182
2
-29563
-8079
3
-35112
-7725
4
-5772
24506
5
9010
-7268
6
-15615
-7165
7
-27941
-6811
8
-27968
-6708
9
-27995
-6605
10
-28022
-6502
11
-28049
-6399
12
-28076
-6296
13
-28103
-6193
14
-28130
-6090
15
-28157
-5987
16
-28184
-5884
17
-28211
-5781
18
-28238
-5678
19
-28265
-5575
20
-28292
-5472
21
-28319
-5369
22
-28346
-5266
23
-28373
-5163
24
-28400
-5060
25
-28427
-4957
26
-28454
-4854
27
-28481
-4751
28
-28508
-4648
29
-28535
-4545
30
-28562
-4442
31
-28589
-4339
32
-28616
-4236
33
-2539
27995
34
10486
-3779
35
16985
-3676
36
-11907
-3322
37
-26241
28909
38
-1168
-2865
39
11355
-2762
40
11328
-2659
41
11301
-2556
42
11274
-2453
43
11247
-2350
44
11220
-2247
45
11193
-2144
46
11166
-2041
47
11139
-1938
48
11112
-1835
49
11085
-1732
50
11058
-1629
51
11031
-1526
52
11004
-1423
53
10977
-1320
54
10950
-1217
55
10923
-1114
56
10896
-1011
57
10869
-908
58
10842
-805
59
10815
-702
60
10788
-599
61
10761
-496
62
10734
-393
63
10707
-290
64
10680
-187
65
16928
167
66
20164
32398
67
-10234
624
68
-25321
727
69
-32878
1081
70
-4542
33312
71
9738
1538
72
9711
1641
73
9684
1744
74
9657
1847
75
9630
1950
76
9603
2053
77
9576
2156
78
9549
2259
79
9522
2362
80
9495
2465
81
9468
2568
82
9441
2671
83
9414
2774
84
9387
2877
85
9360
2980
86
9333
3083
87
9306
3186
88
9279
3289
89
9252
3392
90
9225
3495
91
9198
3598
92
9171
3701
93
9144
3804
94
9117
3907
95
9090
4010
96
9063
4113
97
-15813
4216
98
3989
4570
99
14002
36801
100
-13133
5027
101
-26714
5130
102
-33518
5484
103
-36808
37715
104
-36835
37818
105
-36862
37921
106
-36889
38024
107
-36916
38127
108
-36943
38230
109
-36970
38333
110
-36997
38436
111
-37024
38539
112
-37051
38642
113
-37078
38745
114
-37105
38848
115
-37132
38951
116
-37159
39054
117
-37186
39157
118
-37213
39260
119
-37240
39363
120
-37267
39466
121
-37294
39569
122
-37321
39672
123
-37348
39775
124
-37375
39878
125
-37402
39981
126
-37429
40084
127
-37456
40187
128
-37483
40290
129
-6888
8516
130
-23732
8619
131
-32042
8973
132
-36085
41204
133
-5992
9430
134
-23087
9533
135
480
9887
136
453
9990
137
426
10093
138
399
10196
139
372
10299
140
345
10402
141
318
10505
142
291
10608
143
264
10711
144
237
10814
145
210
10917
146
183
11020
147
156
11123
148
129
11226
149
102
11329
150
75
11432
151
48
11535
152
21
11638
153
-6
11741
154
-33
11844
155
-60
11947
156
-87
12050
157
-114
12153
158
-141
12256
159
-168
12359
160
-195
12462
161
11575
44693
162
17572
12919
163
-11571
13022
164
5972
13376
165
-17398
45607
166
3157
13833
167
13421
13936
168
13394
14039
169
13367
14142
170
13340
14245
171
13313
14348
172
13286
14451
173
13259
14554
174
13232
14657
175
13205
14760
176
13178
14863
177
13151
14966
178
13124
15069
179
13097
15172
180
13070
15275
181
13043
15378
182
13016
15481
183
12989
15584
184
12962
15687
185
12935
15790
186
12908
15893
187
12881
15996
188
12854
16099
189
12827
16202
190
12800
16305
191
12773
16408
192
12746
16511
193
17990
16865
194
20724
49096
195
-9925
17322
196
6865
17425
197
15372
17779
198
-12516
50010
199
5780
18236
200
5753
18339
201
5726
18442
202
5699
18545
203
5672
18648
204
5645
18751
205
5618
18854
206
5591
18957
207
5564
19060
208
5537
19163
209
5510
19266
210
5483
19369
211
5456
19472
212
5429
19575
213
5402
19678
214
5375
19781
215
5348
19884
216
5321
19987
217
5294
20090
218
5267
20193
219
5240
20296
220
5213
20399
221
5186
20502
222
5159
20605
223
5132
20708
224
5105
20811
225
5078
20914
226
5051
21017
227
5024
21120
228
4997
21223
229
4970
21326
230
4943
21429
231
4916
21532
232
4889
21635
233
4862
21738
234
4835
21841
235
4808
21944
236
4781
22047
237
4754
22150
238
4727
22253
239
4700
22356
240
4673
22459
241
4646
22562
242
4619
22665
243
4592
22768
244
4565
22871
245
4538
22974
246
4511
23077
247
4484
23180
248
4457
23283
249
4430
23386
250
4403
23489
251
4376
23592
1
-18241
-8182
2
-29563
-8079
3
-35112
-7725
4
-5772
24506
5
9010
-7268
6
-15615
-7165
7
-27941
-6811
8
-27968
-6708
9
-27995
-6605
10
-28022
-6502
11
-28049
-6399
12
-28076
-6296
13
-28103
-6193
14
-28130
-6090
15
-28157
-5987
16
-28184
-5884
17
-28211
-5781
18
-28238
-5678
19
-28265
-5575
20
-28292
-5472
21
-28319
-5369
22
-28346
-5266
23
-28373
-5163
24
-28400
-5060
25
-28427
-4957
26
-28454
-4854
27
-28481
-4751
28
-28508
-4648
29
-28535
-4545
30
-28562
-4442
31
-28589
-4339
32
-28616
-4236
33
-2539
27995
34
10486
-3779
35
16985
-3676
36
-11907
-3322
37
-26241
28909
38
-1168
-2865
39
11355
-2762
40
11328
-2659
41
11301
-2556
42
11274
-2453
43
11247
-2350
44
11220
-2247
45
11193
-2144
46
11166
-2041
47
11139
-1938
48
11112
-1835
49
11085
-1732
50
11058
-1629
51
11031
-1526
52
11004
-1423
53
10977
-1320
54
10950
-1217
55
10923
-1114
56
10896
-1011
57
10869
-908
58
10842
-805
59
10815
-702
60
10788
-599
61
10761
-496
62
10734
-393
63
10707
-290
64
10680
-187
65
16928
167
66
20164
32398
67
-10234
624
68
-25321
727
69
-32878
1081
70
-4542
33312
71
9738
1538
72
9711
1641
73
9684
1744
74
9657
1847
75
9630
1950
76
9603
2053
77
9576
2156
78
9549
2259
79
9522
2362
80
9495
2465
81
9468
2568
82
9441
2671
83
9414
2774
84
9387
2877
85
9360
2980
86
9333
3083
87
9306
3186
88
9279
3289
89
9252
3392
90
9225
3495
91
9198
3598
92
9171
3701
93
9144
3804
94
9117
3907
95
9090
4010
96
9063
4113
97
-15813
4216
98
3989
4570
99
14002
36801
100
-13133
5027
101
-26714
5130
102
-33518
5484
103
-36808
37715
104
-36835
37818
105
-36862
37921
106
-36889
38024
107
-36916
38127
108
-36943
38230
109
-36970
38333
110
-36997
38436
111
-37024
38539
112
-37051
38642
113
-37078
38745
114
-37105
38848
115
-37132
38951
116
-37159
39054
117
-37186
39157
118
-37213
39260
119
-37240
39363
120
-37267
39466
121
-37294
39569
122
-37321
39672
123
-37348
39775
124
-37375
39878
125
-37402
39981
126
-37429
40084
127
-37456
40187
128
-37483
40290
129
-6888
8516
130
-23732
8619
131
-32042
8973
132
-36085
41204
133
-5992
9430
134
-23087
9533
135
480
9887
136
453
9990
137
426
10093
138
399
10196
139
372
10299
140
345
10402
141
318
10505
142
291
10608
143
264
10711
144
237
10814
145
210
10917
146
183
11020
147
156
11123
148
129
11226
149
102
11329
150
75
11432
151
48
11535
152
21
11638
153
-6
11741
154
-33
11844
155
-60
11947
156
-87
12050
157
-114
12153
158
-141
12256
159
-168
12359
160
-195
12462
161
11575
44693
162
17572
12919
163
-11571
13022
164
5972
13376
165
-17398
45607
166
3157
13833
167
13421
13936
168
13394
14039
169
13367
14142
170
13340
14245
171
13313
14348
172
13286
14451
173
13259
14554
174
13232
14657
175
13205
14760
176
13178
14863
177
13151
14966
178
13124
15069
179
13097
15172
180
13070
15275
181
13043
15378
182
13016
15481
183
12989
15584
184
12962
15687
185
12935
15790
186
12908
15893
187
12881
15996
188
12854
16099
189
12827
16202
190
12800
16305
191
12773
16408
192
12746
16511
193
17990
16865
194
20724
49096
195
-9925
17322
196
6865
17425
197
15372
17779
198
-12516
50010
199
5780
18236
200
5753
18339
201
5726
18442
202
5699
18545
203
5672
18648
204
5645
18751
205
5618
18854
206
5591
18957
207
5564
19060
208
5537
19163
209
5510
19266
210
5483
19369
211
5456
19472
212
5429
19575
213
5402
19678
214
5375
19781
215
5348
19884
216
5321
19987
217
5294
20090
218
5267
20193
219
5240
20296
220
5213
20399
221
5186
20502
222
5159
20605
223
5132
20708
224
5105
20811
225
5078
20914
226
5051
21017
227
5024
21120
228
4997
21223
229
4970
21326
230
4943
21429
231
4916
21532
232
4889
21635
233
4862
21738
234
4835
21841
235
4808
21944
236
4781
22047
237
4754
22150
238
4727
22253
239
4700
22356
240
4673
22459
241
4646
22562
242
4619
22665
243
4592
22768
244
4565
22871
245
4538
22974
246
4511
23077
247
4484
23180
248
4457
23283
249
4430
23386
250
4403
23489
251
4376
23592
1
-18241
-8182
2
-29563
-8079
3
-35112
-7725
4
-5772
24506
5
9010
-7268
6
-15615
-7165
7
-27941
-6811
8
-27968
-6708
9
-27995
-6605
10
-28022
-6502
11
-28049
-6399
12
-28076
-6296
13
-28103
-6193
14
-28130
-6090
15
-28157
-5987
16
-28184
-5884
17
-28211
-5781
18
-28238
-5678
19
-28265
-5575
20
-28292
-5472
21
-28319
-5369
22
-28346
-5266
23
-28373
-5163
24
-28400
-5060
25
-28427
-4957
26
-28454
-4854
27
-28481
-4751
28
-28508
-4648
29
-28535
-4545
30
-28562
-4442
31
-28589
-4339
32
-28616
-4236
33
-2539
27995
34
10486
-3779
35
16985
-3676
36
-11907
-3322
37
-26241
28909
38
-1168
-2865
39
11355
-2762
40
11328
-2659
41
11301
-2556
42
11274
-2453
43
11247
-2350
44
11220
-2247
45
11193
-2144
46
11166
-2041
47
11139
-1938
48
11112
-1835
49
11085
-1732
50
11058
-1629
51
11031
-1526
52
11004
-1423
53
10977
-1320
54
10950
-1217
55
10923
-1114
56
10896
-1011
57
10869
-908
58
10842
-805
59
10815
-702
60
10788
-599
61
10761
-496
62
10734
-393
63
10707
-290
64
10680
-187
65
16928
167
66
20164
32398
67
-10234
624
68
-25321
727
69
-32878
1081
70
-4542
33312
71
9738
1538
72
9711
1641
73
9684
1744
74
9657
1847
75
9630
1950
76
9603
2053
77
9576
2156
78
9549
2259
79
9522
2362
80
9495
2465
81
9468
2568
82
9441
2671
83
9414
2774
84
9387
2877
85
9360
2980
86
9333
3083
87
9306
3186
88
9279
3289
89
9252
3392
90
9225
3495
91
9198
3598
92
9171
3701
93
9144
3804
94
9117
3907
95
9090
4010
96
9063
4113
97
-15813
4216
98
3989
4570
99
14002
36801
100
-13133
5027
101
-26714
5130
102
-33518
5484
103
-36808
37715
104
-36835
37818
105
-36862
37921
106
-36889
38024
107
-36916
38127
108
-36943
38230
109
-36970
38333
110
-36997
38436
111
-37024
38539
112
-37051
38642
113
-37078
38745
114
-37105
38848
115
-37132
38951
116
-37159
39054
117
-37186
39157
118
-37213
39260
119
-37240
39363
120
-37267
39466
121
-37294
39569
122
-37321
39672
123
-37348
39775
124
-37375
39878
125
-37402
39981
126
-37429
40084
127
-37456
40187
128
-37483
40290
129
-6888
8516
130
-23732
8619
131
-32042
8973
132
-36085
41204
133
-5992
9430
134
-23087
9533
135
480
9887
136
453
9990
137
426
10093
138
399
10196
139
372
10299
140
345
10402
141
318
10505
142
291
10608
143
264
10711
144
237
10814
145
210
10917
146
183
11020
147
156
11123
148
129
11226
149
102
11329
150
75
11432
151
48
11535
152
21
11638
153
-6
11741
154
-33
11844
155
-60
11947
156
-87
12050
157
-114
12153
158
-141
12256
159
-168
12359
160
-195
12462
161
11575
44693
162
17572
12919
163
-11571
13022
164
5972
13376
165
-17398
45607
166
3157
13833
167
13421
13936
168
13394
14039
169
13367
14142
170
13340
14245
171
13313
14348
172
13286
14451
173
13259
14554
174
13232
14657
175
13205
14760
176
13178
14863
177
13151
14966
178
13124
15069
179
13097
15172
180
13070
15275
181
13043
15378
182
13016
15481
183
12989
15584
184
12962
15687
185
12935
15790
186
12908
15893
187
12881
15996
188
12854
16099
189
12827
16202
190
12800
16305
191
12773
16408
192
12746
16511
193
17990
16865
194
20724
49096
195
-9925
17322
196
6865
17425
197
15372
17779
198
-12516
50010
199
5780
18236
200
5753
18339
201
5726
18442
202
5699
18545
203
5672
18648
204
5645
18751
205
5618
18854
206
5591
18957
207
5564
19060
208
5537
19163
209
5510
19266
210
5483
19369
211
5456
19472
212
5429
19575
213
5402
19678
214
5375
19781
215
5348
19884
216
5321
19987
217
5294
20090
218
5267
20193
219
5240
20296
220
5213
20399
221
5186
20502
222
5159
20605
223
5132
20708
224
5105
20811
225
5078
20914
226
5051
21017
227
5024
21120
228
4997
21223
229
4970
21326
230
4943
21429
231
4916
21532
232
4889
21635
233
4862
21738
234
4835
21841
235
4808
21944
236
4781
22047
237
4754
22150
238
4727
22253
239
4700
22356
240
4673
22459
241
4646
22562
242
4619
22665
243
4592
22768
244
4565
22871
245
4538
22974
246
4511
23077
247
4484
23180
248
4457
23283
249
4430
23386
250
4403
23489
251
4376
23592
1
-18241
-8182
2
-29563
-8079
3
-35112
-7725
4
-5772
24506
5
9010
-7268
6
-15615
-7165
7
-27941
-6811
8
-27968
-6708
9
-27995
-6605
10
-28022
-6502
11
-28049
-6399
12
-28076
-6296
13
-28103
-6193
14
-28130
-6090
15
-28157
-5987
16
-28184
-5884
17
-28211
-5781
18
-28238
-5678
19
-28265
-5575
20
-28292
-5472
21
-28319
-5369
22
-28346
-5266
23
-28373
-5163
24
-28400
-5060
25
-28427
-4957
26
-28454
-4854
27
-28481
-4751
28
-28508
-4648
29
-28535
-4545
30
-28562
-4442
31
-28589
-4339
32
-28616
-4236
33
-2539
27995
34
10486
-3779
35
16985
-3676
36
-11907
-3322
37
-26241
28909
38
-1168
-2865
39
11355
-2762
40
11328
-2659
41
11301
-2556
42
11274
-2453
43
11247
-2350
44
11220
-2247
45
11193
-2144
46
11166
-2041
135
7834
-9121
15
-39246
39678
31
1459
-47890
62
35064
5712
125
43160
14871
251
77329
33694
246
2079
5554
237
-21644
14546
219
-40847
-230
183
-3963
69281
111
-27755
10425
222
37932
-8862
189
-33116
82871
122
6729
6241
245
14578
47796
235
15380
2012
215
61348
105130
174
15724
-79927
93
-69680
6149
186
-74753
16511
116
-37982
36467
232
54707
10716
209
19576
25006
162
26805
20819
68
21469
-20197
136
-31966
-5205
16
-61937
25932
33
-16995
22538
67
-10300
14855
134
16537
32255
13
-37312
67056
27
-59335
5584
54
-17121
-18798
108
4272
63253
216
21634
63516
177
11231
-32851
99
-12914
3659
199
-30127
10636
143
1387
25607
30
-44730
-10620
60
-68534
-17546
121
-34916
33889
243
52742
72368
231
-16139
49234
206
-20111
-29290
156
-53817
75167
57
-28301
-41678
115
-19945
17751
230
42816
7202
204
17825
115512
152
-17143
-26395
49
-28412
-49088
98
-25981
36597
197
-44441
43746
139
-16731
25019
22
19421
-12178
45
-31244
11730
90
-5301
26267
180
4018
22571
105
11689
15051
210
57267
520
164
-41199
2821
72
-6650
7677
145
14671
17517
34
14518
-27698
69
4066
12685
138
916
27537
20
-15987
25366
41
8614
-43996
82
-27004
-19271
165
18936
29927
74
20432
30909
149
35265
-787
42
-25433
-63414
84
-38744
39175
169
-37937
16383
83
-46349
35055
167
24490
-24493
78
-12326
52119
157
48370
-22495
59
-42373
-8396
119
-28347
20061
238
-13941
76206
221
5135
25040
187
53712
-11371
118
-8406
12961
236
-51071
29752
217
78423
62694
179
52993
-1983
103
20506
-651
207
-24592
1376
158
-47903
38449
61
-10361
14420
123
9630
-999
247
8622
548
239
61080
36026
223
34961
42214
191
-1982
-42817
126
-51717
15473
253
27179
67158
250
69492
72352
244
102389
-15180
233
-21348
-26918
211
-57174
48040
166
-7935
67139
76
41660
6265
153
-13166
-49693
51
25672
2104
102
43857
7395
205
18938
-14536
154
123075
7141
53
20406
17212
106
-3308
-28053
212
-54469
13128
168
15398
30213
81
21687
31229
163
-6208
33135
70
-34853
-28333
140
8134
-21219
24
3946
-6222
48
-35411
56410
96
-10385
18219
193
-241
6986
131
-27500
16907
7
-10593
3720
14
-44729
-22650
29
-28415
-9474
58
-48230
15984
117
-21109
34257
234
18021
38036
213
23682
-51174
170
-48266
-1877
85
-61577
32583
171
-60027
100483
87
-18649
8183
175
-10719
-13343
95
21924
43059
190
23667
90073
124
639
-13403
249
-28419
8122
242
-26987
20454
229
-27027
43712
202
4209
25970
148
20034
55255
40
14485
15904
80
18154
-63307
161
-68362
8157
66
-5257
53039
132
15199
11345
9
12924
25752
19
-12950
-10076
39
-49751
-16706
79
27061
2799
159
4578
41169
63
791
-12648
127
-33714
10913
255
-31113
25012
254
20428
52314
252
77146
9126
248
-31514
-11458
240
-22825
13294
225
54975
29646
194
23224
61712
133
-27456
-35695
11
19986
-35304
23
-17110
-1120
47
-18472
66868
94
15403
6233
188
27991
-17113
120
-14035
35391
241
-42934
107118
227
-40461
-11570
198
-52730
44814
141
-41689
-4339
26
-51998
-5746
52
-4363
-7410
104
-8608
86287
208
15683
45456
160
35457
-36585
64
-19131
-3679
128
-46291
28985
1
-34041
-3610
2
25108
28356
4
37716
-4994
8
-20319
-6798
17
-9140
-42920
35
-16707
47652
71
14926
315
142
-12188
3049
28
-2678
-23482
56
-6776
20224
113
-24919
-22543
226
-47508
-9642
196
33122
16670
137
-8687
3631
18
-6061
10070
37
67917
-8678
75
20301
-47703
151
11209
6591
46
49171
16626
92
-39779
3793
184
16467
-22249
112
13194
-40801
224
13502
51888
192
-16236
-55342
129
53068
55833
3
28917
-47196
6
-40792
6972
12
18771
-46358
25
-34481
73930
50
-61773
53640
100
-36103
12167
201
52800
-4222
146
30612
26877
36
-28238
24558
73
-39487
52051
147
-13989
10265
38
-5532
22824
77
-16487
-16957
155
-5474
66681
55
-30902
-27038
110
-1168
13239
220
27856
30046
185
31630
94895
114
7514
-35889
228
-29486
-3566
200
-47239
28698
144
9090
60967
32
14356
27206
65
-27360
58235
130
-50749
-11027
5
-31443
47688
10
-12483
264
21
-32836
-28802
43
10806
10224
86
-15430
-41391
173
30715
50327
91
-2082
-25951
182
27838
81463
109
78499
-61983
218
-32078
41910
181
-15441
-9505
107
-14021
49717
214
17055
5086
172
-616
12597
89
5158
-3619
178
9696
-4429
101
9664
26971
203
-8158
56876
150
-35828
19275
44
-62823
7690
88
-4963
-14331
176
32604
71421
97
2828
-17429
195
33405
-33078
135
1264
2309
15
-39246
39678
31
1459
-47890
62
35064
5712
125
43160
14871
251
77329
33694
246
2079
5554
237
-21644
14546
219
-40847
-230
183
-3963
69281
111
-27755
10425
222
37932
-8862
189
-33116
82871
122
6729
6241
245
14578
47796
235
15380
2012
215
61348
105130
174
15724
-79927
93
-69680
6149
186
-74753
16511
116
-37982
36467
232
54707
10716
209
19576
25006
162
26805
20819
68
21469
-20197
136
-31966
-5205
16
-61937
25932
33
-16995
22538
67
-10300
14855
134
16537
32255
13
-37312
67056
27
-59335
5584
54
-17121
-18798
108
4272
63253
216
21634
63516
177
11231
-32851
99
-12914
3659
199
-30127
10636
143
1387
25607
30
-44730
-10620
60
-68534
-17546
121
-34916
33889
243
52742
72368
231
-16139
49234
206
-20111
-29290
156
-53817
75167
57
-28301
-41678
115
-19945
17751
230
42816
7202
204
17825
115512
152
-17143
-26395
49
-28412
-49088
98
-25981
36597
197
-44441
43746
139
-16731
25019
22
19421
-12178
45
-31244
11730
90
-5301
26267
180
4018
22571
105
11689
15051
210
57267
520
164
-41199
2821
72
-6650
7677
145
14671
17517
34
14518
-27698
69
4066
12685
138
916
27537
20
-15987
25366
41
8614
-43996
82
-27004
-19271
165
18936
29927
74
20432
30909
149
35265
-787
42
-25433
-63414
84
-38744
39175
169
-37937
16383
83
-46349
35055
167
24490
-24493
78
-12326
52119
157
48370
-22495
59
-42373
-8396
119
-28347
20061
238
-13941
76206
221
5135
25040
187
53712
-11371
118
-8406
12961
236
-51071
29752
217
78423
62694
179
52993
-1983
103
20506
-651
207
-24592
1376
158
-47903
38449
61
-10361
14420
123
9630
-999
247
8622
548
239
61080
36026
223
34961
42214
207
-19774
-7006
158
-47903
38449
61
-10361
14420
123
9630
-999
247
8622
548
239
61080
36026
223
34961
42214
191
-1982
-42817
126
-51717
15473
253
27179
67158
250
69492
72352
244
102389
-15180
233
-21348
-26918
211
-57174
48040
166
-7935
67139
76
41660
6265
153
-13166
-49693
51
25672
2104
102
43857
7395
205
18938
-14536
154
123075
7141
53
20406
17212
106
-3308
-28053
212
-54469
13128
168
15398
30213
81
21687
31229
163
-6208
33135
70
-34853
-28333
140
8134
-21219
24
3946
-6222
48
-35411
56410
96
-10385
18219
193
-241
6986
131
-27500
16907
7
-10593
3720
14
-44729
-22650
29
-28415
-9474
58
-48230
15984
117
-21109
34257
234
18021
38036
213
23682
-51174
170
-48266
-1877
85
-61577
32583
171
-60027
100483
87
-18649
8183
175
-10719
-13343
95
21924
43059
190
23667
90073
124
639
-13403
249
-28419
8122
242
-26987
20454
229
-27027
43712
202
4209
25970
148
20034
55255
40
14485
15904
80
18154
-63307
161
-68362
8157
66
-5257
53039
132
15199
11345
9
12924
25752
19
-12950
-10076
39
-49751
-16706
79
27061
2799
159
4578
41169
63
791
-12648
127
-33714
10913
255
-31113
25012
254
20428
52314
252
77146
9126
248
-31514
-11458
240
-22825
13294
225
54975
29646
194
23224
61712
133
-27456
-35695
11
19986
-35304
23
-17110
-1120
47
-18472
66868
94
15403
6233
188
27991
-17113
120
-14035
35391
241
-42934
107118
227
-40461
-11570
198
-52730
44814
141
-41689
-4339
26
-51998
-5746
52
-4363
-7410
104
-8608
86287
208
15683
45456
160
35457
-36585
64
-19131
-3679
128
-46291
28985
1
-34041
-3610
2
25108
28356
4
37716
-4994
8
-20319
-6798
17
-9140
-42920
35
-16707
47652
71
14926
315
142
-12188
3049
28
-2678
-23482
56
-6776
20224
113
-24919
-22543
226
-47508
-9642
196
33122
16670
137
-8687
3631
18
-6061
10070
37
67917
-8678
75
20301
-47703
151
11209
6591
46
49171
16626
92
-39779
3793
184
16467
-22249
112
13194
-40801
224
13502
51888
192
-16236
-55342
129
53068
55833
3
28917
-47196
6
-40792
6972
12
18771
-46358
25
-34481
73930
50
-61773
53640
100
-36103
12167
201
52800
-4222
146
30612
26877
36
-28238
24558
73
-39487
52051
147
-13989
10265
38
-5532
22824
77
-16487
-16957
155
-5474
66681
55
-30902
-27038
110
-1168
13239
220
27856
30046
185
31630
94895
114
7514
-35889
228
-29486
-3566
200
-47239
28698
144
9090
60967
32
14356
27206
65
-27360
58235
130
-50749
-11027
5
-31443
47688
10
-12483
264
21
-32836
-28802
43
10806
10224
86
-15430
-41391
173
30715
50327
91
-2082
-25951
182
27838
81463
109
78499
-61983
218
-32078
41910
181
-15441
-9505
107
-14021
49717
214
17055
5086
172
-616
12597
89
5158
-3619
178
9696
-4429
101
9664
26971
203
-8158
56876
150
-35828
19275
44
-62823
7690
88
-4963
-14331
176
32604
71421
97
2828
-17429
195
33405
-33078
135
1264
2309
15
-39246
39678
31
1459
-47890
62
35064
5712
125
43160
14871
251
77329
33694
246
2079
5554
237
-21644
14546
219
-40847
-230
183
-3963
69281
111
-27755
10425
222
37932
-8862
189
-33116
82871
122
6729
6241
245
14578
47796
235
15380
2012
215
61348
105130
174
15724
-79927
93
-69680
6149
186
-74753
16511
116
-37982
36467
232
54707
10716
209
19576
25006
162
26805
20819
68
21469
-20197
136
-31966
-5205
16
-61937
25932
33
-16995
22538
67
-10300
14855
134
16537
32255
13
-37312
67056
27
-59335
5584
54
-17121
-18798
108
4272
63253
216
21634
63516
177
11231
-32851
99
-12914
3659
199
-30127
10636
143
1387
25607
30
-44730
-10620
60
-68534
-17546
121
-34916
33889
243
52742
72368
231
-16139
49234
206
-20111
-29290
156
-53817
75167
57
-28301
-41678
115
-19945
17751
230
42816
7202
204
17825
115512
152
-17143
-26395
49
-28412
-49088
98
-25981
36597
197
-44441
43746
139
-16731
25019
22
19421
-12178
45
-31244
11730
90
-5301
26267
180
4018
22571
105
11689
15051
210
57267
520
164
-41199
2821
72
-6650
7677
145
14671
17517
34
14518
-27698
69
4066
12685
138
916
27537
20
-15987
25366
41
8614
-43996
82
-27004
-19271
165
18936
29927
74
20432
30909
149
35265
-787
42
-25433
-63414
84
-38744
39175
169
-37937
16383
83
-46349
35055
167
24490
-24493
78
-12326
52119
157
48370
-22495
59
-42373
-8396
119
-28347
20061
238
-13941
76206
221
5135
25040
187
53712
-11371
118
-8406
12961
236
-51071
29752
217
78423
62694
179
52993
-1983
103
20506
-651
207
-24592
1376
158
-47903
38449
61
-10361
14420
123
9630
-999
247
8622
548
239
61080
36026
223
34961
42214
191
-1982
-42817
126
-51717
15473
253
27179
67158
250
69492
72352
244
102389
-15180
233
-21348
-26918
211
-57174
48040
166
-7935
67139
76
41660
6265
153
-13166
-49693
51
25672
2104
102
43857
7395
205
18938
-14536
154
123075
7141
53
20406
17212
106
-3308
-28053
212
-54469
13128
168
15398
30213
81
21687
31229
163
-6208
33135
70
-34853
-28333
140
8134
-21219
24
3946
-6222
48
-35411
56410
96
-10385
18219
193
-241
6986
131
-27500
16907
7
-10593
3720
14
-44729
-22650
29
-28415
-9474
58
-48230
15984
117
-21109
34257
234
18021
38036
213
23682
-51174
170
-48266
-1877
85
-61577
32583
171
-60027
100483
87
-18649
8183
175
-10719
-13343
95
21924
43059
190
23667
90073
124
639
-13403
249
-28419
8122
242
-26987
20454
229
-27027
43712
202
4209
25970
148
20034
55255
40
14485
15904
80
18154
-63307
161
-68362
8157
66
-5257
53039
132
15199
11345
9
12924
25752
19
-12950
-10076
39
-49751
-16706
79
27061
2799
159
4578
41169
63
791
-12648
127
-33714
10913
255
-31113
25012
254
20428
52314
252
77146
9126
248
-31514
-11458
240
-22825
13294
225
54975
29646
194
23224
61712
133
-27456
-35695
11
19986
-35304
23
-17110
-1120
47
-18472
66868
94
15403
6233
188
27991
-17113
120
-14035
35391
241
-42934
107118
227
-40461
-11570
198
-52730
44814
141
-41689
-4339
26
-51998
-5746
52
-4363
-7410
104
-8608
86287
208
15683
45456
160
35457
-36585
64
-19131
-3679
128
-46291
28985
1
-34041
-3610
2
25108
28356
4
37716
-4994
8
-20319
-6798
17
-9140
-42920
35
-16707
47652
128
-39648
17428
1
-34041
-3610
2
25108
28356
4
37716
-4994
8
-20319
-6798
17
-9140
-42920
35
-16707
47652
71
14926
315
142
-12188
3049
28
-2678
-23482
56
-6776
20224
113
-24919
-22543
226
-47508
-9642
196
33122
16670
137
-8687
3631
18
-6061
10070
37
67917
-8678
75
20301
-47703
151
11209
6591
46
49171
16626
92
-39779
3793
184
16467
-22249
112
13194
-40801
224
13502
51888
192
-16236
-55342
129
53068
55833
3
28917
-47196
6
-40792
6972
12
18771
-46358
25
-34481
73930
50
-61773
53640
100
-36103
12167
201
52800
-4222
146
30612
26877
36
-28238
24558
73
-39487
52051
147
-13989
10265
38
-5532
22824
77
-16487
-16957
155
-5474
66681
55
-30902
-27038
110
-1168
13239
220
27856
30046
185
31630
94895
114
7514
-35889
228
-29486
-3566
200
-47239
28698
144
9090
60967
32
14356
27206
65
-27360
58235
130
-50749
-11027
5
-31443
47688
10
-12483
264
21
-32836
-28802
43
10806
10224
86
-15430
-41391
173
30715
50327
91
-2082
-25951
182
27838
81463
109
78499
-61983
218
-32078
41910
181
-15441
-9505
107
-14021
49717
214
17055
5086
172
-616
12597
89
5158
-3619
178
9696
-4429
101
9664
26971
203
-8158
56876
150
-35828
19275
44
-62823
7690
88
-4963
-14331
176
32604
71421
97
2828
-17429
195
33405
-33078
135
1264
2309
15
-39246
39678
31
1459
-47890
62
35064
5712
125
43160
14871
251
77329
33694
246
2079
5554
237
-21644
14546
219
-40847
-230
183
-3963
69281
111
-27755
10425
222
37932
-8862
189
-33116
82871
122
6729
6241
245
14578
47796
235
15380
2012
215
61348
105130
174
15724
-79927
93
-69680
6149
186
-74753
16511
116
-37982
36467
232
54707
10716
209
19576
25006
162
26805
20819
68
21469
-20197
136
-31966
-5205
16
-61937
25932
33
-16995
22538
67
-10300
14855
134
16537
32255
13
-37312
67056
27
-59335
5584
54
-17121
-18798
108
4272
63253
216
21634
63516
177
11231
-32851
99
-12914
3659
199
-30127
10636
143
1387
25607
30
-44730
-10620
60
-68534
-17546
121
-34916
33889
243
52742
72368
231
-16139
49234
206
-20111
-29290
156
-53817
75167
57
-28301
-41678
115
-19945
17751
230
42816
7202
204
17825
115512
152
-17143
-26395
49
-28412
-49088
98
-25981
36597
197
-44441
43746
139
-16731
25019
22
19421
-12178
45
-31244
11730
90
-5301
26267
180
4018
22571
105
11689
15051
210
57267
520
164
-41199
2821
72
-6650
7677
145
14671
17517
34
14518
-27698
69
4066
12685
138
916
27537
20
-15987
25366
41
8614
-43996
82
-27004
-19271
165
18936
29927
74
20432
30909
149
35265
-787
42
-25433
-63414
84
-38744
39175
169
-37937
16383
83
-46349
35055
167
24490
-24493
78
-12326
52119
157
48370
-22495
59
-42373
-8396
119
-28347
20061
238
-13941
76206
221
5135
25040
187
53712
-11371
118
-8406
12961
236
-51071
29752
217
78423
62694
179
52993
-1983
103
20506
-651
207
-24592
1376
158
-47903
38449
61
-10361
14420
123
9630
-999
247
8622
548
239
61080
36026
223
34961
42214
191
-1982
-42817
126
-51717
15473
253
27179
67158
250
69492
72352
244
102389
-15180
233
-21348
-26918
211
-57174
48040
166
-7935
67139
76
41660
6265
153
-13166
-49693
51
25672
2104
102
43857
7395
205
18938
-14536
154
123075
7141
53
20406
17212
106
-3308
-28053
212
-54469
13128
168
15398
30213
81
21687
31229
163
-6208
33135
70
-34853
-28333
140
8134
-21219
24
3946
-6222
48
-35411
56410
96
-10385
18219
193
-241
6986
131
-27500
16907
7
-10593
3720
14
-44729
-22650
29
-28415
-9474
58
-48230
15984
117
-21109
34257
234
18021
38036
213
23682
-51174
170
-48266
-1877
85
-61577
32583
171
-60027
100483
87
-18649
8183
175
-10719
-13343
95
21924
43059
190
23667
90073
124
639
-13403
249
-28419
8122
242
-26987
20454
229
-27027
43712
202
4209
25970
148
20034
55255
40
14485
15904
80
18154
-63307
161
-68362
8157
66
-5257
53039
132
15199
11345
9
12924
25752
19
-12950
-10076
39
-49751
-16706
79
27061
2799
159
4578
41169
63
791
-12648
127
-33714
10913
255
-31113
25012
254
20428
52314
252
77146
9126
248
-31514
-11458
240
-22825
13294
225
54975
29646
194
23224
61712
133
-27456
-35695
11
19986
-35304
23
-17110
-1120
47
-18472
66868
94
15403
6233
188
27991
-17113
120
-14035
35391
241
-42934
107118
227
-40461
-11570
198
-52730
44814
141
-41689
-4339
26
-51998
-5746
52
-4363
-7410
104
-8608
86287
208
15683
45456
160
35457
-36585
64
-19131
-3679
128
-46291
28985
1
-34041
-3610
2
25108
28356
4
37716
-4994
8
-20319
-6798
17
-9140
-42920
35
-16707
47652
71
14926
315
142
-12188
3049
28
-2678
-23482
56
-6776
20224
113
-24919
-22543
226
-47508
-9642
196
33122
16670
137
-8687
3631
18
-6061
10070
37
67917
-8678
75
20301
-47703
151
11209
6591
46
49171
16626
92
-39779
3793
184
16467
-22249
112
13194
-40801
224
13502
51888
192
-16236
-55342
129
53068
55833
3
28917
-47196
6
-40792
6972
12
18771
-46358
25
-34481
73930
50
-61773
53640
100
-36103
12167
201
52800
-4222
146
30612
26877
36
-28238
24558
73
-39487
52051
147
-13989
10265
38
-5532
22824
77
-16487
-16957
155
-5474
66681
55
-30902
-27038
110
-1168
13239
220
27856
30046
185
31630
94895
114
7514
-35889
228
-29486
-3566
200
-47239
28698
144
9090
60967
32
14356
27206
65
-27360
58235
130
-50749
-11027
5
-31443
47688
10
-12483
264
21
-32836
-28802
43
10806
10224
86
-15430
-41391
173
30715
50327
91
-2082
-25951
182
27838
81463
109
78499
-61983
218
-32078
41910
181
-15441
-9505
107
-14021
49717
214
17055
5086
172
-616
12597
89
5158
-3619
178
9696
-4429
101
9664
26971
203
-8158
56876
150
-35828
19275
44
-62823
7690
88
-4963
-14331
176
32604
71421
97
2828
-17429
195
33405
-33078
135
1264
2309
15
-39246
39678
31
1459
-47890
62
35064
5712
125
43160
14871
251
77329
33694
246
2079
5554
237
-21644
14546
219
-40847
-230
183
-3963
69281
111
-27755
10425
222
37932
-8862
189
-33116
82871
122
6729
6241
245
14578
47796
235
15380
2012
215
61348
105130
174
15724
-79927
93
-69680
6149
186
-74753
16511
116
-37982
36467
232
54707
10716
