67
0
68
0
69
0
70
0
71
0
72
0
73
0
74
0
75
0
76
0
77
0
78
0
79
0
80
0
81
0
82
0
83
0
84
0
85
0
86
0
87
0
88
0
89
0
90
0
91
0
92
0
93
0
94
0
95
0
96
0
97
0
98
0
99
0
100
0
101
0
102
0
103
0
104
0
105
0
106
0
107
0
108
0
109
0
110
0
111
0
112
0
113
0
114
0
115
0
116
0
117
0
118
0
119
0
120
0
121
0
122
0
123
0
124
0
125
0
126
0
127
0
128
0
129
0
130
0
131
0
132
0
133
0
134
0
135
0
136
0
137
0
138
0
139
0
140
0
141
0
142
0
143
0
144
0
145
0
146
0
147
0
148
0
149
0
150
0
151
0
152
0
153
0
154
0
155
0
156
0
157
0
158
0
159
0
160
0
161
0
162
0
163
0
164
0
165
0
166
0
167
0
168
0
169
0
170
0
171
0
172
0
173
0
174
0
175
0
176
0
177
0
178
0
179
0
180
0
181
0
182
0
183
0
184
0
185
0
186
0
187
0
188
0
189
0
190
0
191
0
192
0
193
0
194
0
195
0
196
0
197
0
198
0
199
0
200
0
201
0
202
0
203
0
204
0
205
0
206
0
207
0
208
0
209
0
210
0
211
0
212
0
213
0
214
0
215
0
216
0
217
0
218
0
219
0
220
0
221
0
222
0
223
0
224
0
225
0
226
0
227
0
228
0
229
0
230
0
231
0
232
0
233
0
234
0
235
0
236
0
237
0
238
0
239
0
240
0
241
0
242
0
243
0
244
0
245
0
246
0
247
0
248
0
249
0
250
0
251
0
1
0
2
5051
3
10226
4
10130
5
10034
6
9938
7
9842
8
9746
9
9650
10
9554
11
9458
12
9362
13
9266
14
9170
15
9074
16
8978
17
8882
18
8786
19
8690
20
8594
21
8498
22
8402
23
8306
24
8210
25
8114
26
8018
27
7922
28
7826
29
7730
30
7634
31
7538
32
7442
33
10107
34
0
35
0
36
0
37
0
38
0
39
0
40
0
41
0
42
0
43
0
44
0
45
0
46
0
47
0
48
0
49
0
50
0
51
0
52
0
53
0
54
0
55
0
56
0
57
0
58
0
59
0
60
0
61
0
62
0
63
0
64
0
65
1764
66
0
67
0
68
0
69
0
70
0
71
0
72
0
73
0
74
0
75
0
76
0
77
0
78
0
79
0
80
0
81
0
82
0
83
0
84
0
85
0
86
0
87
0
88
0
89
0
90
0
91
0
92
0
93
0
94
0
95
0
96
0
97
0
98
0
99
0
100
0
101
0
102
0
103
0
104
0
105
0
106
0
107
0
108
0
109
0
110
0
111
0
112
0
113
0
114
0
115
0
116
0
117
0
118
0
119
0
120
0
121
0
122
0
123
0
124
0
125
0
126
0
127
0
128
0
129
0
130
0
131
0
132
0
133
0
134
0
135
0
136
0
137
0
138
0
139
0
140
0
141
0
142
0
143
0
144
0
145
0
146
0
147
0
148
0
149
0
150
0
151
0
152
0
153
0
154
0
155
0
156
0
157
0
158
0
159
0
160
0
161
0
162
0
163
0
164
0
165
0
166
0
167
0
168
0
169
0
170
0
171
0
172
0
173
0
174
0
175
0
176
0
177
0
178
0
179
0
180
0
181
0
182
0
183
0
184
0
185
0
186
0
187
0
188
0
189
0
190
0
191
0
192
0
193
0
194
0
195
0
196
0
197
0
198
0
199
0
200
0
201
0
202
0
203
0
204
0
205
0
206
0
207
0
208
0
209
0
210
0
211
0
212
0
213
0
214
0
215
0
216
0
217
0
218
0
219
0
220
0
221
0
222
0
223
0
224
0
225
0
226
0
227
0
228
0
229
0
230
0
231
0
232
0
233
0
234
0
235
0
236
0
237
0
238
0
239
0
240
0
241
0
242
0
243
0
244
0
245
0
246
0
247
0
248
0
249
0
250
0
251
0
1
0
2
5051
3
10226
4
10130
5
10034
6
9938
7
9842
8
9746
9
9650
10
9554
11
9458
12
9362
13
9266
14
9170
15
9074
16
8978
17
8882
18
8786
19
8690
20
8594
21
8498
22
8402
23
8306
24
8210
25
8114
26
8018
27
7922
28
7826
29
7730
30
7634
31
7538
32
7442
33
10107
34
0
35
0
36
0
37
0
38
0
39
0
40
0
41
0
42
0
43
0
44
0
45
0
46
0
47
0
48
0
49
0
50
0
51
0
52
0
53
0
54
0
55
0
56
0
57
0
58
0
59
0
60
0
61
0
62
0
63
0
64
0
65
1764
66
0
67
0
68
0
69
0
70
0
71
0
72
0
73
0
74
0
75
0
76
0
77
0
78
0
79
0
80
0
81
0
82
0
83
0
84
0
85
0
86
0
87
0
88
0
89
0
90
0
91
0
92
0
93
0
94
0
95
0
96
0
97
0
98
0
99
0
100
0
101
0
102
0
103
0
104
0
105
0
106
0
107
0
108
0
109
0
110
0
111
0
112
0
113
0
114
0
115
0
116
0
117
0
118
0
119
0
120
0
121
0
122
0
123
0
124
0
125
0
126
0
127
0
128
0
129
0
130
0
131
0
132
0
133
0
134
0
135
0
136
0
137
0
138
0
139
0
140
0
141
0
142
0
143
0
144
0
145
0
146
0
147
0
148
0
149
0
150
0
151
0
152
0
153
0
154
0
155
0
156
0
157
0
158
0
159
0
160
0
161
0
162
0
163
0
164
0
165
0
166
0
167
0
168
0
169
0
170
0
171
0
172
0
173
0
174
0
175
0
176
0
177
0
178
0
179
0
180
0
181
0
182
0
183
0
184
0
185
0
186
0
187
0
188
0
189
0
190
0
191
0
192
0
193
0
194
0
195
0
196
0
197
0
198
0
199
0
200
0
201
0
202
0
203
0
204
0
205
0
206
0
207
0
208
0
209
0
210
0
211
0
212
0
213
0
214
0
215
0
216
0
217
0
218
0
219
0
220
0
221
0
222
0
223
0
224
0
225
0
226
0
227
0
228
0
229
0
230
0
231
0
232
0
233
0
234
0
235
0
236
0
237
0
238
0
239
0
240
0
241
0
242
0
243
0
244
0
245
0
246
0
247
0
248
0
249
0
250
0
251
0
1
0
2
5051
3
10226
4
10130
5
10034
6
9938
7
9842
8
9746
9
9650
10
9554
11
9458
12
9362
13
9266
14
9170
15
9074
16
8978
17
8882
18
8786
19
8690
20
8594
21
8498
22
8402
23
8306
24
8210
25
8114
26
8018
27
7922
28
7826
29
7730
30
7634
31
7538
32
7442
33
10107
34
0
35
0
36
0
37
0
38
0
39
0
40
0
41
0
42
0
43
0
44
0
45
0
46
0
47
0
48
0
49
0
50
0
51
0
52
0
53
0
54
0
55
0
56
0
57
0
58
0
59
0
60
0
61
0
62
0
63
0
64
0
65
1764
66
0
67
0
68
0
69
0
70
0
71
0
72
0
73
0
74
0
75
0
76
0
77
0
78
0
79
0
80
0
81
0
82
0
83
0
84
0
85
0
86
0
87
0
88
0
89
0
90
0
91
0
92
0
93
0
94
0
95
0
96
0
97
0
98
0
99
0
100
0
101
0
102
0
103
0
104
0
105
0
106
0
107
0
108
0
109
0
110
0
111
0
112
0
113
0
114
0
115
0
116
0
117
0
118
0
119
0
120
0
121
0
122
0
123
0
124
0
125
0
126
0
127
0
128
0
129
0
130
0
131
0
132
0
133
0
134
0
135
0
136
0
137
0
138
0
139
0
140
0
141
0
142
0
143
0
144
0
145
0
146
0
147
0
148
0
149
0
150
0
151
0
152
0
153
0
154
0
155
0
156
0
157
0
158
0
159
0
160
0
161
0
162
0
163
0
164
0
165
0
166
0
167
0
168
0
169
0
170
0
171
0
172
0
173
0
174
0
175
0
176
0
177
0
178
0
179
0
180
0
181
0
182
0
183
0
184
0
185
0
186
0
187
0
188
0
189
0
190
0
191
0
192
0
193
0
194
0
195
0
196
0
197
0
198
0
199
0
200
0
201
0
202
0
203
0
204
0
205
0
206
0
207
0
208
0
209
0
210
0
211
0
212
0
213
0
214
0
215
0
216
0
217
0
218
0
219
0
220
0
221
0
222
0
223
0
224
0
225
0
226
0
227
0
228
0
229
0
230
0
231
0
232
0
233
0
234
0
235
0
236
0
237
0
238
0
239
0
240
0
241
0
242
0
243
0
244
0
245
0
246
0
247
0
248
0
249
0
250
0
251
0
1
0
2
5051
3
10226
4
10130
5
10034
6
9938
7
9842
8
9746
9
9650
10
9554
11
9458
12
9362
13
9266
14
9170
15
9074
16
8978
17
8882
18
8786
19
8690
20
8594
21
8498
22
8402
23
8306
24
8210
25
8114
26
8018
27
7922
28
7826
29
7730
30
7634
31
7538
32
7442
33
10107
34
0
35
0
36
0
37
0
38
0
39
0
40
0
41
0
42
0
43
0
44
0
45
0
46
0
47
0
48
0
49
0
50
0
51
0
52
0
53
0
54
0
55
0
56
0
57
0
58
0
59
0
60
0
61
0
62
0
63
0
64
0
65
1764
66
0
67
0
68
0
69
0
70
0
71
0
72
0
73
0
74
0
75
0
76
0
77
0
78
0
79
0
80
0
81
0
82
0
83
0
84
0
85
0
86
0
187
0
118
0
236
0
217
0
179
0
103
0
207
0
158
0
61
0
123
1348
247
0
239
0
223
0
191
0
126
0
253
0
250
0
244
0
233
0
211
0
166
0
76
0
153
0
51
3810
102
1307
205
0
154
0
53
0
106
0
212
0
168
0
81
964
163
0
70
0
140
0
24
9621
48
0
96
0
193
0
131
5784
7
0
14
1386
29
5529
58
4115
117
7258
234
0
213
0
170
0
85
0
171
0
87
0
175
0
95
0
190
0
124
0
249
0
242
0
229
0
202
0
148
0
40
0
80
0
161
402
66
1925
132
0
9
6765
19
0
39
18164
79
0
159
0
63
0
127
9423
255
0
254
0
252
0
248
0
240
0
225
0
194
0
133
0
11
5490
23
0
47
10094
94
0
188
0
120
0
241
0
227
0
198
0
141
0
26
7504
52
0
104
0
208
0
160
0
64
0
128
0
1
14709
2
0
4
10469
8
0
17
3782
35
10267
71
0
142
0
28
936
56
2466
113
0
226
0
196
0
137
0
18
0
37
0
75
0
151
0
46
0
92
3494
184
0
112
0
224
0
192
0
129
0
3
0
6
0
12
2487
25
0
50
11757
100
3892
201
0
146
0
36
0
73
0
147
0
38
0
77
0
155
0
55
0
110
8127
220
0
185
0
114
0
228
0
200
0
144
0
32
0
65
0
130
0
5
6128
10
0
21
13807
43
1857
86
0
173
0
91
0
182
0
109
0
218
0
181
0
107
0
214
0
172
0
89
6874
178
0
101
0
203
0
150
0
44
0
88
0
176
0
97
0
195
0
135
0
15
0
31
3186
62
11908
125
0
251
0
246
0
237
0
219
0
183
0
111
0
222
0
189
0
122
0
245
0
235
0
215
0
174
0
93
0
186
0
116
0
232
0
209
0
162
0
68
0
136
0
16
17729
33
0
67
0
134
1138
13
0
27
0
54
20098
108
0
216
0
177
0
99
0
199
0
143
0
30
0
60
10385
121
0
243
0
231
0
206
0
156
0
57
0
115
0
230
0
204
0
152
0
49
0
98
0
197
0
139
0
22
0
45
7329
90
0
180
2525
105
0
210
0
164
0
72
4492
145
0
34
1558
69
0
138
0
20
8660
41
0
82
0
165
8691
74
0
149
0
42
0
84
0
169
0
83
4249
167
0
78
0
157
0
59
0
119
3431
238
0
221
0
187
0
118
0
236
0
217
0
179
0
103
0
207
0
158
0
61
0
123
1348
247
0
239
0
223
0
191
0
126
0
253
0
250
0
244
0
233
0
211
0
166
0
76
0
153
0
51
3810
102
1307
205
0
154
0
53
0
106
0
212
0
168
0
81
964
163
0
70
0
140
0
24
9621
48
0
96
0
193
0
131
5784
7
0
14
1386
29
5529
58
4115
117
7258
234
0
213
0
170
0
85
0
171
0
87
0
175
0
95
0
190
0
124
0
249
0
242
0
229
0
202
0
148
0
40
0
80
0
161
402
66
1925
132
0
9
6765
19
0
39
18164
79
0
159
0
63
0
127
9423
255
0
254
0
252
0
248
0
240
0
225
0
194
0
133
0
11
5490
23
0
47
10094
94
0
188
0
120
0
241
0
227
0
198
0
141
0
26
7504
52
0
104
0
208
0
160
0
64
0
128
0
1
14709
2
0
4
10469
8
0
17
3782
35
10267
71
0
142
0
28
936
56
2466
113
0
226
0
196
0
137
0
18
0
37
0
75
0
151
0
46
0
92
3494
184
0
112
0
224
0
192
0
129
0
3
0
6
0
12
2487
25
0
50
11757
100
3892
201
0
146
0
36
0
73
0
147
0
38
0
77
0
155
0
55
0
110
8127
220
0
185
0
114
0
228
0
200
0
144
0
32
0
65
0
130
0
5
6128
10
0
21
13807
43
1857
86
0
173
0
91
0
182
0
109
0
218
0
181
0
107
0
214
0
172
0
89
6874
178
0
101
0
203
0
150
0
44
0
88
0
176
0
97
0
195
0
135
0
15
0
31
3186
62
11908
125
0
251
0
246
0
237
0
219
0
183
0
111
0
222
0
189
0
122
0
245
0
235
0
215
0
174
0
93
0
186
0
116
0
232
0
209
0
162
0
68
0
136
0
16
17729
33
0
67
0
134
1138
13
0
27
0
54
20098
108
0
216
0
177
0
99
0
199
0
143
0
30
0
60
10385
121
0
243
0
231
0
206
0
156
0
57
0
115
0
230
0
204
0
152
0
49
0
98
0
197
0
139
0
22
0
45
7329
90
0
180
2525
105
0
210
0
164
0
72
4492
145
0
34
1558
69
0
138
0
20
8660
41
0
82
0
165
8691
74
0
149
0
42
0
84
0
169
0
83
4249
167
0
78
0
157
0
59
0
119
3431
238
0
221
0
187
0
118
0
236
0
217
0
179
0
103
0
207
0
158
0
61
0
123
1348
247
0
239
0
223
0
191
0
26
7504
52
0
104
0
208
0
160
0
64
0
128
0
1
14709
2
0
4
10469
8
0
17
3782
35
10267
71
0
142
0
28
936
56
2466
113
0
226
0
196
0
137
0
18
0
37
0
75
0
151
0
46
0
92
3494
184
0
112
0
224
0
192
0
129
0
3
0
6
0
12
2487
25
0
50
11757
100
3892
201
0
146
0
36
0
73
0
147
0
38
0
77
0
155
0
55
0
110
8127
220
0
185
0
114
0
228
0
200
0
144
0
32
0
65
0
130
0
5
6128
10
0
21
13807
43
1857
86
0
173
0
91
0
182
0
109
0
218
0
181
0
107
0
214
0
172
0
89
6874
178
0
101
0
203
0
150
0
44
0
88
0
176
0
97
0
195
0
135
0
15
0
31
3186
62
11908
125
0
251
0
246
0
237
0
219
0
183
0
111
0
222
0
189
0
122
0
245
0
235
0
215
0
174
0
93
0
186
0
116
0
232
0
209
0
162
0
68
0
136
0
16
17729
33
0
67
0
134
1138
13
0
27
0
54
20098
108
0
216
0
177
0
99
0
199
0
143
0
30
0
60
10385
121
0
243
0
231
0
206
0
156
0
57
0
115
0
230
0
204
0
152
0
49
0
98
0
197
0
139
0
22
0
45
7329
90
0
180
2525
105
0
210
0
164
0
72
4492
145
0
34
1558
69
0
138
0
20
8660
41
0
82
0
165
8691
74
0
149
0
42
0
84
0
169
0
83
4249
167
0
78
0
157
0
59
0
119
3431
238
0
221
0
187
0
118
0
236
0
217
0
179
0
103
0
207
0
158
0
61
0
123
1348
247
0
239
0
223
0
191
0
126
0
253
0
250
0
244
0
233
0
211
0
166
0
76
0
153
0
51
3810
102
1307
205
0
154
0
53
0
106
0
212
0
168
0
81
964
163
0
70
0
140
0
24
9621
48
0
96
0
193
0
131
5784
7
0
14
1386
29
5529
58
4115
117
7258
234
0
213
0
170
0
85
0
171
0
87
0
175
0
95
0
190
0
124
0
249
0
242
0
229
0
202
0
148
0
40
0
80
0
161
402
66
1925
132
0
9
6765
19
0
39
18164
79
0
159
0
63
0
127
9423
255
0
254
0
252
0
248
0
240
0
225
0
194
0
133
0
11
5490
23
0
47
10094
94
0
188
0
120
0
241
0
227
0
198
0
141
0
26
7504
52
0
104
0
208
0
160
0
64
0
128
0
1
14709
2
0
4
10469
8
0
17
3782
35
10267
71
0
142
0
28
936
56
2466
113
0
226
0
196
0
137
0
18
0
37
0
75
0
151
0
46
0
92
3494
184
0
112
0
224
0
192
0
129
0
3
0
6
0
12
2487
25
0
50
11757
100
3892
201
0
146
0
36
0
73
0
147
0
38
0
77
0
155
0
55
0
110
8127
220
0
185
0
114
0
228
0
200
0
144
0
32
0
65
0
130
0
5
6128
10
0
21
13807
43
1857
86
0
173
0
91
0
182
0
109
0
218
0
181
0
107
0
214
0
172
0
89
6874
178
0
101
0
203
0
150
0
44
0
88
0
176
0
97
0
195
0
135
0
15
0
31
3186
62
11908
125
0
251
0
246
0
237
0
219
0
183
0
111
0
222
0
189
0
122
0
245
0
235
0
215
0
174
0
93
0
186
0
116
0
232
0
209
0
162
0
68
0
136
0
16
17729
33
0
67
0
134
1138
13
0
27
0
54
20098
108
0
216
0
177
0
99
0
199
0
143
0
30
0
60
10385
121
0
243
0
231
0
206
0
156
0
57
0
115
0
230
0
204
0
152
0
49
0
98
0
197
0
139
0
22
0
45
7329
90
0
180
2525
105
0
210
0
164
0
72
4492
145
0
34
1558
69
0
138
0
20
8660
41
0
82
0
165
8691
74
0
149
0
42
0
84
0
169
0
83
4249
167
0
78
0
157
0
59
0
119
3431
238
0
221
0
187
0
118
0
236
0
217
0
179
0
103
0
207
0
158
0
61
0
123
1348
247
0
239
0
223
0
191
0
126
0
253
0
250
0
244
0
233
0
211
0
166
0
76
0
153
0
51
3810
102
1307
205
0
154
0
53
0
106
0
212
0
168
0
81
964
163
0
70
0
140
0
24
9621
48
0
96
0
193
0
131
5784
7
0
14
1386
29
5529
58
4115
117
7258
234
0
213
0
170
0
85
0
171
0
87
0
175
0
95
0
190
0
124
0
249
0
242
0
229
0
202
0
148
0
40
0
80
0
161
402
66
1925
132
0
9
6765
19
0
39
18164
79
0
159
0
63
0
127
9423
255
0
254
0
252
0
248
0
240
0
225
0
194
0
133
0
11
5490
23
0
47
10094
94
0
188
0
120
0
241
0
227
0
198
0
141
0
26
7504
52
0
104
0
208
0
160
0
64
0
128
0
1
14709
2
0
4
10469
8
0
17
3782
35
10267
71
0
183
0
111
0
222
0
189
0
122
0
245
0
235
0
215
0
174
0
93
0
186
0
116
0
232
0
209
0
162
0
68
0
136
0
16
17729
33
0
67
0
134
1138
13
0
27
0
54
20098
108
0
216
0
177
0
99
0
199
0
143
0
30
0
60
10385
121
0
243
0
231
0
206
0
156
0
57
0
115
0
230
0
204
0
152
0
49
0
98
0
197
0
139
0
22
0
45
7329
90
0
180
2525
105
0
210
0
164
0
72
4492
145
0
34
1558
69
0
138
0
20
8660
41
0
82
0
165
8691
74
0
149
0
42
0
84
0
169
0
83
4249
167
0
78
0
157
0
59
0
119
3431
238
0
221
0
187
0
118
0
236
0
217
0
179
0
103
0
207
0
158
0
61
0
123
1348
247
0
239
0
223
0
191
0
126
0
253
0
250
0
244
0
233
0
211
0
166
0
76
0
153
0
51
3810
102
1307
205
0
154
0
53
0
106
0
212
0
168
0
81
964
163
0
70
0
140
0
24
9621
48
0
96
0
193
0
131
5784
7
0
14
1386
29
5529
58
4115
117
7258
234
0
213
0
170
0
85
0
171
0
87
0
175
0
95
0
190
0
124
0
249
0
242
0
229
0
202
0
148
0
40
0
80
0
161
402
66
1925
132
0
9
6765
19
0
39
18164
79
0
159
0
63
0
127
9423
255
0
254
0
252
0
248
0
240
0
225
0
194
0
133
0
11
5490
23
0
47
10094
94
0
188
0
120
0
241
0
227
0
198
0
141
0
26
7504
52
0
104
0
208
0
160
0
64
0
128
0
1
14709
2
0
4
10469
8
0
17
3782
35
10267
71
0
142
0
28
936
56
2466
113
0
226
0
196
0
137
0
18
0
37
0
75
0
151
0
46
0
92
3494
184
0
112
0
224
0
192
0
129
0
3
0
6
0
12
2487
25
0
50
11757
100
3892
201
0
146
0
36
0
73
0
147
0
38
0
77
0
155
0
55
0
110
8127
220
0
185
0
114
0
228
0
200
0
144
0
32
0
65
0
130
0
5
6128
10
0
21
13807
43
1857
86
0
173
0
91
0
182
0
109
0
218
0
181
0
107
0
214
0
172
0
89
6874
178
0
101
0
203
0
150
0
44
0
88
0
176
0
97
0
195
0
135
0
15
0
31
3186
62
11908
125
0
251
0
246
0
237
0
219
0
183
0
111
0
222
0
189
0
122
0
245
0
235
0
215
0
174
0
93
0
186
0
116
0
232
0
209
0
162
0
68
0
136
0
16
17729
33
0
67
0
134
1138
13
0
27
0
54
20098
108
0
216
0
177
0
99
0
199
0
143
0
30
0
60
10385
121
0
243
0
231
0
206
0
156
0
57
0
115
0
230
0
204
0
152
0
49
0
98
0
197
0
139
0
22
0
45
7329
90
0
180
2525
105
0
210
0
164
0
72
4492
145
0
34
1558
69
0
138
0
20
8660
41
0
82
0
165
8691
74
0
149
0
42
0
84
0
169
0
83
4249
167
0
78
0
157
0
59
0
119
3431
238
0
221
0
187
0
118
0
236
0
217
0
179
0
103
0
207
0
158
0
61
0
123
1348
247
0
239
0
223
0
191
0
126
0
253
0
250
0
244
0
233
0
211
0
166
0
76
0
153
0
51
3810
102
1307
205
0
154
0
53
0
106
0
212
0
168
0
81
964
163
0
70
0
140
0
24
9621
48
0
96
0
193
0
131
5784
7
0
14
1386
29
5529
58
4115
117
7258
234
0
213
0
170
0
85
0
171
0
87
0
175
0
95
0
190
0
124
0
249
0
242
0
229
0
202
0
148
0
40
0
80
0
161
402
66
1925
132
0
9
6765
19
0
39
18164
79
0
159
0
63
0
127
9423
255
0
254
0
252
0
248
0
240
0
225
0
194
0
133
0
11
5490
23
0
47
10094
94
0
188
0
120
0
241
0
227
0
198
0
141
0
26
7504
52
0
104
0
208
0
160
0
64
0
128
0
1
14709
2
0
4
10469
8
0
17
3782
35
10267
71
0
142
0
28
936
56
2466
113
0
226
0
196
0
137
0
18
0
37
0
75
0
151
0
46
0
92
3494
184
0
112
0
224
0
192
0
129
0
3
0
6
0
12
2487
25
0
50
11757
100
3892
201
0
146
0
36
0
73
0
147
0
38
0
77
0
155
0
55
0
110
8127
220
0
185
0
114
0
228
0
200
0
144
0
32
0
65
0
130
0
5
6128
10
0
21
13807
43
1857
86
0
173
0
91
0
182
0
109
0
218
0
181
0
107
0
214
0
172
0
89
6874
178
0
101
0
203
0
150
0
44
0
88
0
176
0
97
0
195
0
135
0
15
0
31
3186
62
11908
125
0
251
0
246
0
237
0
219
0
183
0
111
0
222
0
189
0
122
0
245
0
235
0
215
0
174
0
93
0
186
0
116
0
232
0
209
0
