67
-7893
8023
68
-8062
8273
69
-8158
8396
70
-8254
8519
71
-8350
8642
72
-8446
8765
73
-8542
8888
74
-8638
9011
75
-8734
9134
76
-8830
9257
77
-8926
9380
78
-9022
9503
79
-9118
9626
80
-9214
9749
81
-9310
9872
82
-9406
9995
83
-9502
10118
84
-9598
10241
85
-9694
10364
86
-9790
10487
87
-9886
10610
88
-9982
10733
89
-10078
10856
90
-10174
10979
91
-10270
11102
92
-10366
11225
93
-10462
11348
94
-10558
11471
95
-10654
11594
96
-10750
11717
97
-10846
11840
98
-10942
11963
99
-11038
12086
100
-11134
12209
101
-11230
12332
102
-11326
12455
103
-11422
12578
104
-11518
12701
105
-11614
12824
106
-11710
12947
107
-11806
13070
108
-11902
13193
109
-11998
13316
110
-12094
13439
111
-12190
13562
112
-12286
13685
113
-12382
13808
114
-12478
13931
115
-12574
14054
116
-12670
14177
117
-12766
14300
118
-12862
14423
119
-12958
14546
120
-13054
14669
121
-13150
14792
122
-13246
14915
123
-13342
15038
124
-13438
15161
125
-13534
15284
126
-13630
15407
127
-13726
15530
128
-13822
15653
129
-13918
15776
130
-14014
15899
131
-14110
16022
132
-14206
16145
133
-14302
16268
134
-14398
16391
135
-14494
16514
136
-14590
16637
137
-14686
16760
138
-14782
16883
139
-14878
17006
140
-14974
17129
141
-15070
17252
142
-15166
17375
143
-15262
17498
144
-15358
17621
145
-15454
17744
146
-15550
17867
147
-15646
17990
148
-15742
18113
149
-15838
18236
150
-15934
18359
151
-16030
18482
152
-16126
18605
153
-16222
18728
154
-16318
18851
155
-16414
18974
156
-16510
19097
157
-16606
19220
158
-16702
19343
159
-16798
19466
160
-16894
19589
161
-16990
19712
162
-17086
19835
163
-17182
19958
164
-17278
20081
165
-17374
20204
166
-17470
20327
167
-17566
20450
168
-17662
20573
169
-17758
20696
170
-17854
20819
171
-17950
20942
172
-18046
21065
173
-18142
21188
174
-18238
21311
175
-18334
21434
176
-18430
21557
177
-18526
21680
178
-18622
21803
179
-18718
21926
180
-18814
22049
181
-18910
22172
182
-19006
22295
183
-19102
22418
184
-19198
22541
185
-19294
22664
186
-19390
22787
187
-19486
22910
188
-19582
23033
189
-19678
23156
190
-19774
23279
191
-19870
23402
192
-19966
23525
193
-20062
23648
194
-20158
23771
195
-20254
23894
196
-20350
24017
197
-20446
24140
198
-20542
24263
199
-20638
24386
200
-20734
24509
201
-20830
24632
202
-20926
24755
203
-21022
24878
204
-21118
25001
205
-21214
25124
206
-21310
25247
207
-21406
25370
208
-21502
25493
209
-21598
25616
210
-21694
25739
211
-21790
25862
212
-21886
25985
213
-21982
26108
214
-22078
26231
215
-22174
26354
216
-22270
26477
217
-22366
26600
218
-22462
26723
219
-22558
26846
220
-22654
26969
221
-22750
27092
222
-22846
27215
223
-22942
27338
224
-23038
27461
225
-23134
27584
226
-23230
27707
227
-23326
27830
228
-23422
27953
229
-23518
28076
230
-23614
28199
231
-23710
28322
232
-23806
28445
233
-23902
28568
234
-23998
28691
235
-24094
28814
236
-24190
28937
237
-24286
29060
238
-24382
29183
239
-24478
29306
240
-24574
29429
241
-24670
29552
242
-24766
29675
243
-24862
29798
244
-24958
29921
245
-25054
30044
246
-25150
30167
247
-25246
30290
248
-25342
30413
249
-25438
30536
250
-25534
30659
251
-25630
30782
1
-5144
-972
2
5051
-849
3
10226
-475
4
10130
-352
5
10034
-229
6
9938
-106
7
9842
17
8
9746
140
9
9650
263
10
9554
386
11
9458
509
12
9362
632
13
9266
755
14
9170
878
15
9074
1001
16
8978
1124
17
8882
1247
18
8786
1370
19
8690
1493
20
8594
1616
21
8498
1739
22
8402
1862
23
8306
1985
24
8210
2108
25
8114
2231
26
8018
2354
27
7922
2477
28
7826
2600
29
7730
2723
30
7634
2846
31
7538
2969
32
7442
3092
33
10107
35343
34
-20611
3589
35
-3890
3712
36
-3986
3835
37
-4082
3958
38
-4178
4081
39
-4274
4204
40
-4370
4327
41
-4466
4450
42
-4562
4573
43
-4658
4696
44
-4754
4819
45
-4850
4942
46
-4946
5065
47
-5042
5188
48
-5138
5311
49
-5234
5434
50
-5330
5557
51
-5426
5680
52
-5522
5803
53
-5618
5926
54
-5714
6049
55
-5810
6172
56
-5906
6295
57
-6002
6418
58
-6098
6541
59
-6194
6664
60
-6290
6787
61
-6386
6910
62
-6482
7033
63
-6578
7156
64
-6674
7279
65
1764
7653
66
-26193
39904
67
-7966
8150
68
-8062
8273
69
-8158
8396
70
-8254
8519
71
-8350
8642
72
-8446
8765
73
-8542
8888
74
-8638
9011
75
-8734
9134
76
-8830
9257
77
-8926
9380
78
-9022
9503
79
-9118
9626
80
-9214
9749
81
-9310
9872
82
-9406
9995
83
-9502
10118
84
-9598
10241
85
-9694
10364
86
-9790
10487
87
-9886
10610
88
-9982
10733
89
-10078
10856
90
-10174
10979
91
-10270
11102
92
-10366
11225
93
-10462
11348
94
-10558
11471
95
-10654
11594
96
-10750
11717
97
-10846
11840
98
-10942
11963
99
-11038
12086
100
-11134
12209
101
-11230
12332
102
-11326
12455
103
-11422
12578
104
-11518
12701
105
-11614
12824
106
-11710
12947
107
-11806
13070
108
-11902
13193
109
-11998
13316
110
-12094
13439
111
-12190
13562
112
-12286
13685
113
-12382
13808
114
-12478
13931
115
-12574
14054
116
-12670
14177
117
-12766
14300
118
-12862
14423
119
-12958
14546
120
-13054
14669
121
-13150
14792
122
-13246
14915
123
-13342
15038
124
-13438
15161
125
-13534
15284
126
-13630
15407
127
-13726
15530
128
-13822
15653
129
-13918
15776
130
-14014
15899
131
-14110
16022
132
-14206
16145
133
-14302
16268
134
-14398
16391
135
-14494
16514
136
-14590
16637
137
-14686
16760
138
-14782
16883
139
-14878
17006
140
-14974
17129
141
-15070
17252
142
-15166
17375
143
-15262
17498
144
-15358
17621
145
-15454
17744
146
-15550
17867
147
-15646
17990
148
-15742
18113
149
-15838
18236
150
-15934
18359
151
-16030
18482
152
-16126
18605
153
-16222
18728
154
-16318
18851
155
-16414
18974
156
-16510
19097
157
-16606
19220
158
-16702
19343
159
-16798
19466
160
-16894
19589
161
-16990
19712
162
-17086
19835
163
-17182
19958
164
-17278
20081
165
-17374
20204
166
-17470
20327
167
-17566
20450
168
-17662
20573
169
-17758
20696
170
-17854
20819
171
-17950
20942
172
-18046
21065
173
-18142
21188
174
-18238
21311
175
-18334
21434
176
-18430
21557
177
-18526
21680
178
-18622
21803
179
-18718
21926
180
-18814
22049
181
-18910
22172
182
-19006
22295
183
-19102
22418
184
-19198
22541
185
-19294
22664
186
-19390
22787
187
-19486
22910
188
-19582
23033
189
-19678
23156
190
-19774
23279
191
-19870
23402
192
-19966
23525
193
-20062
23648
194
-20158
23771
195
-20254
23894
196
-20350
24017
197
-20446
24140
198
-20542
24263
199
-20638
24386
200
-20734
24509
201
-20830
24632
202
-20926
24755
203
-21022
24878
204
-21118
25001
205
-21214
25124
206
-21310
25247
207
-21406
25370
208
-21502
25493
209
-21598
25616
210
-21694
25739
211
-21790
25862
212
-21886
25985
213
-21982
26108
214
-22078
26231
215
-22174
26354
216
-22270
26477
217
-22366
26600
218
-22462
26723
219
-22558
26846
220
-22654
26969
221
-22750
27092
222
-22846
27215
223
-22942
27338
224
-23038
27461
225
-23134
27584
226
-23230
27707
227
-23326
27830
228
-23422
27953
229
-23518
28076
230
-23614
28199
231
-23710
28322
232
-23806
28445
233
-23902
28568
234
-23998
28691
235
-24094
28814
236
-24190
28937
237
-24286
29060
238
-24382
29183
239
-24478
29306
240
-24574
29429
241
-24670
29552
242
-24766
29675
243
-24862
29798
244
-24958
29921
245
-25054
30044
246
-25150
30167
247
-25246
30290
248
-25342
30413
249
-25438
30536
250
-25534
30659
251
-25630
30782
1
-5144
-972
2
5051
-849
3
10226
-475
4
10130
-352
5
10034
-229
6
9938
-106
7
9842
17
8
9746
140
9
9650
263
10
9554
386
11
9458
509
12
9362
632
13
9266
755
14
9170
878
15
9074
1001
16
8978
1124
17
8882
1247
18
8786
1370
19
8690
1493
20
8594
1616
21
8498
1739
22
8402
1862
23
8306
1985
24
8210
2108
25
8114
2231
26
8018
2354
27
7922
2477
28
7826
2600
29
7730
2723
30
7634
2846
31
7538
2969
32
7442
3092
33
10107
35343
34
-20611
3589
35
-3890
3712
36
-3986
3835
37
-4082
3958
38
-4178
4081
39
-4274
4204
40
-4370
4327
41
-4466
4450
42
-4562
4573
43
-4658
4696
44
-4754
4819
45
-4850
4942
46
-4946
5065
47
-5042
5188
48
-5138
5311
49
-5234
5434
50
-5330
5557
51
-5426
5680
52
-5522
5803
53
-5618
5926
54
-5714
6049
55
-5810
6172
56
-5906
6295
57
-6002
6418
58
-6098
6541
59
-6194
6664
60
-6290
6787
61
-6386
6910
62
-6482
7033
63
-6578
7156
64
-6674
7279
65
1764
7653
66
-26193
39904
67
-7966
8150
68
-8062
8273
69
-8158
8396
70
-8254
8519
71
-8350
8642
72
-8446
8765
73
-8542
8888
74
-8638
9011
75
-8734
9134
76
-8830
9257
77
-8926
9380
78
-9022
9503
79
-9118
9626
80
-9214
9749
81
-9310
9872
82
-9406
9995
83
-9502
10118
84
-9598
10241
85
-9694
10364
86
-9790
10487
87
-9886
10610
88
-9982
10733
89
-10078
10856
90
-10174
10979
91
-10270
11102
92
-10366
11225
93
-10462
11348
94
-10558
11471
95
-10654
11594
96
-10750
11717
97
-10846
11840
98
-10942
11963
99
-11038
12086
100
-11134
12209
101
-11230
12332
102
-11326
12455
103
-11422
12578
104
-11518
12701
105
-11614
12824
106
-11710
12947
107
-11806
13070
108
-11902
13193
109
-11998
13316
110
-12094
13439
111
-12190
13562
112
-12286
13685
113
-12382
13808
114
-12478
13931
115
-12574
14054
116
-12670
14177
117
-12766
14300
118
-12862
14423
119
-12958
14546
120
-13054
14669
121
-13150
14792
122
-13246
14915
123
-13342
15038
124
-13438
15161
125
-13534
15284
126
-13630
15407
127
-13726
15530
128
-13822
15653
129
-13918
15776
130
-14014
15899
131
-14110
16022
132
-14206
16145
133
-14302
16268
134
-14398
16391
135
-14494
16514
136
-14590
16637
137
-14686
16760
138
-14782
16883
139
-14878
17006
140
-14974
17129
141
-15070
17252
142
-15166
17375
143
-15262
17498
144
-15358
17621
145
-15454
17744
146
-15550
17867
147
-15646
17990
148
-15742
18113
149
-15838
18236
150
-15934
18359
151
-16030
18482
152
-16126
18605
153
-16222
18728
154
-16318
18851
155
-16414
18974
156
-16510
19097
157
-16606
19220
158
-16702
19343
159
-16798
19466
160
-16894
19589
161
-16990
19712
162
-17086
19835
163
-17182
19958
164
-17278
20081
165
-17374
20204
166
-17470
20327
167
-17566
20450
168
-17662
20573
169
-17758
20696
170
-17854
20819
171
-17950
20942
172
-18046
21065
173
-18142
21188
174
-18238
21311
175
-18334
21434
176
-18430
21557
177
-18526
21680
178
-18622
21803
179
-18718
21926
180
-18814
22049
181
-18910
22172
182
-19006
22295
183
-19102
22418
184
-19198
22541
185
-19294
22664
186
-19390
22787
187
-19486
22910
188
-19582
23033
189
-19678
23156
190
-19774
23279
191
-19870
23402
192
-19966
23525
193
-20062
23648
194
-20158
23771
195
-20254
23894
196
-20350
24017
197
-20446
24140
198
-20542
24263
199
-20638
24386
200
-20734
24509
201
-20830
24632
202
-20926
24755
203
-21022
24878
204
-21118
25001
205
-21214
25124
206
-21310
25247
207
-21406
25370
208
-21502
25493
209
-21598
25616
210
-21694
25739
211
-21790
25862
212
-21886
25985
213
-21982
26108
214
-22078
26231
215
-22174
26354
216
-22270
26477
217
-22366
26600
218
-22462
26723
219
-22558
26846
220
-22654
26969
221
-22750
27092
222
-22846
27215
223
-22942
27338
224
-23038
27461
225
-23134
27584
226
-23230
27707
227
-23326
27830
228
-23422
27953
229
-23518
28076
230
-23614
28199
231
-23710
28322
232
-23806
28445
233
-23902
28568
234
-23998
28691
235
-24094
28814
236
-24190
28937
237
-24286
29060
238
-24382
29183
239
-24478
29306
240
-24574
29429
241
-24670
29552
242
-24766
29675
243
-24862
29798
244
-24958
29921
245
-25054
30044
246
-25150
30167
247
-25246
30290
248
-25342
30413
249
-25438
30536
250
-25534
30659
251
-25630
30782
1
-5144
-972
2
5051
-849
3
10226
-475
4
10130
-352
5
10034
-229
6
9938
-106
7
9842
17
8
9746
140
9
9650
263
10
9554
386
11
9458
509
12
9362
632
13
9266
755
14
9170
878
15
9074
1001
16
8978
1124
17
8882
1247
18
8786
1370
19
8690
1493
20
8594
1616
21
8498
1739
22
8402
1862
23
8306
1985
24
8210
2108
25
8114
2231
26
8018
2354
27
7922
2477
28
7826
2600
29
7730
2723
30
7634
2846
31
7538
2969
32
7442
3092
33
10107
35343
34
-20611
3589
35
-3890
3712
36
-3986
3835
37
-4082
3958
38
-4178
4081
39
-4274
4204
40
-4370
4327
41
-4466
4450
42
-4562
4573
43
-4658
4696
44
-4754
4819
45
-4850
4942
46
-4946
5065
47
-5042
5188
48
-5138
5311
49
-5234
5434
50
-5330
5557
51
-5426
5680
52
-5522
5803
53
-5618
5926
54
-5714
6049
55
-5810
6172
56
-5906
6295
57
-6002
6418
58
-6098
6541
59
-6194
6664
60
-6290
6787
61
-6386
6910
62
-6482
7033
63
-6578
7156
64
-6674
7279
65
1764
7653
66
-26193
39904
67
-7966
8150
68
-8062
8273
69
-8158
8396
70
-8254
8519
71
-8350
8642
72
-8446
8765
73
-8542
8888
74
-8638
9011
75
-8734
9134
76
-8830
9257
77
-8926
9380
78
-9022
9503
79
-9118
9626
80
-9214
9749
81
-9310
9872
82
-9406
9995
83
-9502
10118
84
-9598
10241
85
-9694
10364
86
-9790
10487
87
-9886
10610
88
-9982
10733
89
-10078
10856
90
-10174
10979
91
-10270
11102
92
-10366
11225
93
-10462
11348
94
-10558
11471
95
-10654
11594
96
-10750
11717
97
-10846
11840
98
-10942
11963
99
-11038
12086
100
-11134
12209
101
-11230
12332
102
-11326
12455
103
-11422
12578
104
-11518
12701
105
-11614
12824
106
-11710
12947
107
-11806
13070
108
-11902
13193
109
-11998
13316
110
-12094
13439
111
-12190
13562
112
-12286
13685
113
-12382
13808
114
-12478
13931
115
-12574
14054
116
-12670
14177
117
-12766
14300
118
-12862
14423
119
-12958
14546
120
-13054
14669
121
-13150
14792
122
-13246
14915
123
-13342
15038
124
-13438
15161
125
-13534
15284
126
-13630
15407
127
-13726
15530
128
-13822
15653
129
-13918
15776
130
-14014
15899
131
-14110
16022
132
-14206
16145
133
-14302
16268
134
-14398
16391
135
-14494
16514
136
-14590
16637
137
-14686
16760
138
-14782
16883
139
-14878
17006
140
-14974
17129
141
-15070
17252
142
-15166
17375
143
-15262
17498
144
-15358
17621
145
-15454
17744
146
-15550
17867
147
-15646
17990
148
-15742
18113
149
-15838
18236
150
-15934
18359
151
-16030
18482
152
-16126
18605
153
-16222
18728
154
-16318
18851
155
-16414
18974
156
-16510
19097
157
-16606
19220
158
-16702
19343
159
-16798
19466
160
-16894
19589
161
-16990
19712
162
-17086
19835
163
-17182
19958
164
-17278
20081
165
-17374
20204
166
-17470
20327
167
-17566
20450
168
-17662
20573
169
-17758
20696
170
-17854
20819
171
-17950
20942
172
-18046
21065
173
-18142
21188
174
-18238
21311
175
-18334
21434
176
-18430
21557
177
-18526
21680
178
-18622
21803
179
-18718
21926
180
-18814
22049
181
-18910
22172
182
-19006
22295
183
-19102
22418
184
-19198
22541
185
-19294
22664
186
-19390
22787
187
-19486
22910
188
-19582
23033
189
-19678
23156
190
-19774
23279
191
-19870
23402
192
-19966
23525
193
-20062
23648
194
-20158
23771
195
-20254
23894
196
-20350
24017
197
-20446
24140
198
-20542
24263
199
-20638
24386
200
-20734
24509
201
-20830
24632
202
-20926
24755
203
-21022
24878
204
-21118
25001
205
-21214
25124
206
-21310
25247
207
-21406
25370
208
-21502
25493
209
-21598
25616
210
-21694
25739
211
-21790
25862
212
-21886
25985
213
-21982
26108
214
-22078
26231
215
-22174
26354
216
-22270
26477
217
-22366
26600
218
-22462
26723
219
-22558
26846
220
-22654
26969
221
-22750
27092
222
-22846
27215
223
-22942
27338
224
-23038
27461
225
-23134
27584
226
-23230
27707
227
-23326
27830
228
-23422
27953
229
-23518
28076
230
-23614
28199
231
-23710
28322
232
-23806
28445
233
-23902
28568
234
-23998
28691
235
-24094
28814
236
-24190
28937
237
-24286
29060
238
-24382
29183
239
-24478
29306
240
-24574
29429
241
-24670
29552
242
-24766
29675
243
-24862
29798
244
-24958
29921
245
-25054
30044
246
-25150
30167
247
-25246
30290
248
-25342
30413
249
-25438
30536
250
-25534
30659
251
-25630
30782
1
-5144
-972
2
5051
-849
3
10226
-475
4
10130
-352
5
10034
-229
6
9938
-106
7
9842
17
8
9746
140
9
9650
263
10
9554
386
11
9458
509
12
9362
632
13
9266
755
14
9170
878
15
9074
1001
16
8978
1124
17
8882
1247
18
8786
1370
19
8690
1493
20
8594
1616
21
8498
1739
22
8402
1862
23
8306
1985
24
8210
2108
25
8114
2231
26
8018
2354
27
7922
2477
28
7826
2600
29
7730
2723
30
7634
2846
31
7538
2969
32
7442
3092
33
10107
35343
34
-20611
3589
35
-3890
3712
36
-3986
3835
37
-4082
3958
38
-4178
4081
39
-4274
4204
40
-4370
4327
41
-4466
4450
42
-4562
4573
43
-4658
4696
44
-4754
4819
45
-4850
4942
46
-4946
5065
47
-5042
5188
48
-5138
5311
49
-5234
5434
50
-5330
5557
51
-5426
5680
52
-5522
5803
53
-5618
5926
54
-5714
6049
55
-5810
6172
56
-5906
6295
57
-6002
6418
58
-6098
6541
59
-6194
6664
60
-6290
6787
61
-6386
6910
62
-6482
7033
63
-6578
7156
64
-6674
7279
65
1764
7653
66
-26193
39904
67
-7966
8150
68
-8062
8273
69
-8158
8396
70
-8254
8519
71
-8350
8642
72
-8446
8765
73
-8542
8888
74
-8638
9011
75
-8734
9134
76
-8830
9257
77
-8926
9380
78
-9022
9503
79
-9118
9626
80
-9214
9749
81
-9310
9872
82
-9406
9995
83
-9502
10118
84
-9598
10241
85
-9694
10364
86
-9790
10487
221
-22043
28890
187
-24764
5077
118
-24068
10537
236
-2000
21839
217
-25676
44828
179
-35242
25270
103
-26218
18793
207
-9383
5712
158
-18105
44574
61
-17170
-8264
123
1348
16622
247
-11891
34264
239
-45364
36141
223
-20568
40278
191
-35799
15913
126
-17522
-304
253
-7856
32797
250
-40263
33593
244
-41509
35054
233
-18918
5593
211
-17831
44975
166
-39971
25436
76
-4355
18997
153
-24142
5736
51
3810
-20531
102
1307
24727
205
-24398
17962
154
-8880
36818
53
-27336
8737
106
-36
17984
212
-17274
4093
168
-16061
8825
81
964
18416
163
-20245
37598
70
-6812
10936
140
-8515
-10514
24
9621
12379
48
-8402
25395
96
-3849
18661
193
-21889
5063
131
5784
10891
7
-13887
22164
14
1386
-20059
29
5529
-6713
58
4115
19596
117
7258
7189
234
-25268
47527
213
-22057
30411
170
-18194
-3947
85
-7987
25638
171
-9909
19275
87
-4976
6674
175
-1938
13857
95
-17384
28861
190
-8162
25593
124
-32557
19184
249
-15967
38749
242
-28003
12984
229
-35959
26220
202
-4727
20822
148
-29628
42409
40
-8881
-12208
80
-13217
8606
161
402
17850
66
1925
3698
132
-19279
7777
9
6765
16831
19
-17197
1660
39
18164
4213
79
-14683
8935
159
-13378
18506
63
-15643
4752
127
9423
10140
255
-24113
54067
254
-50972
43363
252
-34711
21571
248
-23728
11267
240
-30378
23172
225
-24872
14852
194
-11169
30599
133
-23706
29833
11
5490
-4719
23
-7046
-8418
47
10094
16824
94
-12009
1517
188
-5013
36311
120
-21308
8364
241
-22063
49878
227
-21655
2602
198
-20172
38353
141
-13496
12318
26
7504
-7109
52
-291
19443
104
-16087
39526
208
-27639
14155
160
-8441
-4074
64
-2202
25258
128
-29482
18387
1
14709
5028
2
-19737
10438
4
10469
-11126
8
-7434
10515
17
3782
-11356
35
10267
10181
71
-2017
-11898
142
-6608
9224
28
936
19085
56
2466
6040
113
-927
12591
226
-13266
25564
196
-16725
18615
137
-4589
5610
18
-3298
11988
37
-3111
25251
75
-24656
18499
151
-4864
4865
46
-17155
10110
92
3494
-12039
184
-13198
41713
112
-9328
-13855
224
-16531
37824
192
-7552
11391
129
-14859
23675
3
-5032
15988
6
-9498
358
12
2487
1483
25
-4836
3349
50
11757
6953
100
3892
14289
201
-34867
29088
146
-1468
26047
36
-30918
19835
73
-10269
7539
147
-15281
15459
38
-9639
-1725
77
-66
-3071
155
-23247
27006
55
-6899
-10761
110
8127
11500
220
-29408
23894
185
-21789
15787
114
-13033
-299
228
-8524
32936
200
-20020
34128
144
-20825
36765
32
-19891
9017
65
-16453
18670
130
-8835
5081
5
6128
10670
10
-8661
-11045
21
13807
-21452
43
1857
22758
86
-111
-19382
173
-31
27153
91
-8751
22687
182
-19134
46012
109
-35829
27892
218
-25430
23272
181
-24606
14286
107
-9021
-3430
214
-22011
26419
172
-27414
20709
89
6874
9671
178
-27209
52494
101
-23629
7833
203
-19622
15792
150
-10101
32221
44
-19968
-840
88
-6797
-1427
176
-5320
30168
97
-12276
-4051
195
-25510
24793
135
-3337
17583
15
-3513
3035
31
3186
-25677
62
11908
14692
125
-5616
30150
251
-32454
61065
246
-39304
24336
237
-29945
16411
219
-11669
33588
183
-46217
35556
111
-19952
6342
222
-15279
13194
189
-32654
27153
122
-6547
-10590
245
-14144
44992
235
-34167
25853
215
-26790
52215
174
-29273
7403
93
-1929
15315
186
-16221
31013
116
-20193
-2489
232
-10023
27789
209
-13372
23705
162
-29040
15664
68
-11109
31966
136
-18702
-966
16
17729
-1038
33
-11134
31201
67
-12330
-2368
134
1138
-4483
13
-2408
24055
27
-6949
-16661
54
20098
-45
108
-7798
33060
216
-39433
33990
177
-13357
3466
99
-15139
7443
199
-15463
15779
143
-11593
32578
30
-1455
131
60
10385
1154
121
-13461
35586
243
-19684
39168
231
-32468
13436
206
-13582
26998
156
-18722
22248
57
-6039
-20146
115
-4628
25625
230
-5029
19630
204
-28601
39770
152
-9771
15026
49
-16353
-1567
98
-6664
30145
197
-11968
-3969
139
-2856
25340
22
-12197
18678
45
7329
5864
90
-22426
12111
180
2525
24732
105
-25068
17590
210
-32146
35435
164
-19202
6228
72
4492
12839
145
-34686
26187
34
1558
-12013
69
-6266
9122
138
-16921
18754
20
8660
5122
41
-678
10752
82
-9980
-10882
165
8691
11384
74
-9847
23789
149
-24395
15575
42
-6342
-724
84
-3118
-940
169
-7772
31525
83
4249
-1082
167
-12082
31114
78
-18968
30481
157
-14043
-3810
59
-4342
-6600
119
3431
20205
238
-17371
41559
221
-34745
50988
187
-24764
5077
118
-24068
10537
236
-2000
21839
217
-25676
44828
179
-35242
25270
103
-26218
18793
207
-9383
5712
158
-18105
44574
61
-17170
-8264
123
1348
16622
247
-11891
34264
239
-45364
36141
223
-20568
40278
191
-35799
15913
126
-17522
-304
253
-7856
32797
250
-40263
33593
244
-41509
35054
233
-18918
5593
211
-17831
44975
166
-39971
25436
76
-4355
18997
153
-24142
5736
51
3810
-20531
102
1307
24727
205
-24398
17962
154
-8880
36818
53
-27336
8737
106
-36
17984
212
-17274
4093
168
-16061
8825
81
964
18416
163
-20245
37598
70
-6812
10936
140
-8515
-10514
24
9621
12379
48
-8402
25395
96
-3849
18661
193
-21889
5063
131
5784
10891
7
-13887
22164
14
1386
-20059
29
5529
-6713
58
4115
19596
117
7258
7189
234
-25268
47527
213
-22057
30411
170
-18194
-3947
85
-7987
25638
171
-9909
19275
87
-4976
6674
175
-1938
13857
95
-17384
28861
190
-8162
25593
124
-32557
19184
249
-15967
38749
242
-28003
12984
229
-35959
26220
202
-4727
20822
148
-29628
42409
40
-8881
-12208
80
-13217
8606
161
402
17850
66
1925
3698
132
-19279
7777
9
6765
16831
19
-17197
1660
39
18164
4213
79
-14683
8935
159
-13378
18506
63
-15643
4752
127
9423
10140
255
-24113
54067
254
-50972
43363
252
-34711
21571
248
-23728
11267
240
-30378
23172
225
-24872
14852
194
-11169
30599
133
-23706
29833
11
5490
-4719
23
-7046
-8418
47
10094
16824
94
-12009
1517
188
-5013
36311
120
-21308
8364
241
-22063
49878
227
-21655
2602
198
-20172
38353
141
-13496
12318
26
7504
-7109
52
-291
19443
104
-16087
39526
208
-27639
14155
160
-8441
-4074
64
-2202
25258
128
-29482
18387
1
14709
5028
2
-19737
10438
4
10469
-11126
8
-7434
10515
17
3782
-11356
35
10267
10181
71
-2017
-11898
142
-6608
9224
28
936
19085
56
2466
6040
113
-927
12591
226
-13266
25564
196
-16725
18615
137
-4589
5610
18
-3298
11988
37
-3111
25251
75
-24656
18499
151
-4864
4865
46
-17155
10110
92
3494
-12039
184
-13198
41713
112
-9328
-13855
224
-16531
37824
192
-7552
11391
129
-14859
23675
3
-5032
15988
6
-9498
358
12
2487
1483
25
-4836
3349
50
11757
6953
100
3892
14289
201
-34867
29088
146
-1468
26047
36
-30918
19835
73
-10269
7539
147
-15281
15459
38
-9639
-1725
77
-66
-3071
155
-23247
27006
55
-6899
-10761
110
8127
11500
220
-29408
23894
185
-21789
15787
114
-13033
-299
228
-8524
32936
200
-20020
34128
144
-20825
36765
32
-19891
9017
65
-16453
18670
130
-8835
5081
5
6128
10670
10
-8661
-11045
21
13807
-21452
43
1857
22758
86
-111
-19382
173
-31
27153
91
-8751
22687
182
-19134
46012
109
-35829
27892
218
-25430
23272
181
-24606
14286
107
-9021
-3430
214
-22011
26419
172
-27414
20709
89
6874
9671
178
-27209
52494
101
-23629
7833
203
-19622
15792
150
-10101
32221
44
-19968
-840
88
-6797
-1427
176
-5320
30168
97
-12276
-4051
195
-25510
24793
135
-3337
17583
15
-3513
3035
31
3186
-25677
62
11908
14692
125
-5616
30150
251
-32454
61065
246
-39304
24336
237
-29945
16411
219
-11669
33588
183
-46217
35556
111
-19952
6342
222
-15279
13194
189
-32654
27153
122
-6547
-10590
245
-14144
44992
235
-34167
25853
215
-26790
52215
174
-29273
7403
93
-1929
15315
186
-16221
31013
116
-20193
-2489
232
-10023
27789
209
-13372
23705
162
-29040
15664
68
-11109
31966
136
-18702
-966
16
17729
-1038
33
-11134
31201
67
-12330
-2368
134
1138
-4483
13
-2408
24055
27
-6949
-16661
54
20098
-45
108
-7798
33060
216
-39433
33990
177
-13357
3466
99
-15139
7443
199
-15463
15779
143
-11593
32578
30
-1455
131
60
10385
1154
121
-13461
35586
243
-19684
39168
231
-32468
13436
206
-13582
26998
156
-18722
22248
57
-6039
-20146
115
-4628
25625
230
-5029
19630
204
-28601
39770
152
-9771
15026
49
-16353
-1567
98
-6664
30145
197
-11968
-3969
139
-2856
25340
22
-12197
18678
45
7329
5864
90
-22426
12111
180
2525
24732
105
-25068
17590
210
-32146
35435
164
-19202
6228
72
4492
12839
145
-34686
26187
34
1558
-12013
69
-6266
9122
138
-16921
18754
20
8660
5122
41
-678
10752
82
-9980
-10882
165
8691
11384
74
-9847
23789
149
-24395
15575
42
-6342
-724
84
-3118
-940
169
-7772
31525
83
4249
-1082
167
-12082
31114
78
-18968
30481
157
-14043
-3810
59
-4342
-6600
119
3431
20205
238
-17371
41559
221
-34745
50988
187
-24764
5077
118
-24068
10537
236
-2000
21839
217
-25676
44828
179
-35242
25270
103
-26218
18793
207
-9383
5712
158
-18105
44574
61
-17170
-8264
123
1348
16622
247
-11891
34264
239
-45364
36141
223
-20568
40278
141
-9773
5841
26
7504
-7109
52
-291
19443
104
-16087
39526
208
-27639
14155
160
-8441
-4074
64
-2202
25258
128
-29482
18387
1
14709
5028
2
-19737
10438
4
10469
-11126
8
-7434
10515
17
3782
-11356
35
10267
10181
71
-2017
-11898
142
-6608
9224
28
936
19085
56
2466
6040
113
-927
12591
226
-13266
25564
196
-16725
18615
137
-4589
5610
18
-3298
11988
37
-3111
25251
75
-24656
18499
151
-4864
4865
46
-17155
10110
92
3494
-12039
184
-13198
41713
112
-9328
-13855
224
-16531
37824
192
-7552
11391
129
-14859
23675
3
-5032
15988
6
-9498
358
12
2487
1483
25
-4836
3349
50
11757
6953
100
3892
14289
201
-34867
29088
146
-1468
26047
36
-30918
19835
73
-10269
7539
147
-15281
15459
38
-9639
-1725
77
-66
-3071
155
-23247
27006
55
-6899
-10761
110
8127
11500
220
-29408
23894
185
-21789
15787
114
-13033
-299
228
-8524
32936
200
-20020
34128
144
-20825
36765
32
-19891
9017
65
-16453
18670
130
-8835
5081
5
6128
10670
10
-8661
-11045
21
13807
-21452
43
1857
22758
86
-111
-19382
173
-31
27153
91
-8751
22687
182
-19134
46012
109
-35829
27892
218
-25430
23272
181
-24606
14286
107
-9021
-3430
214
-22011
26419
172
-27414
20709
89
6874
9671
178
-27209
52494
101
-23629
7833
203
-19622
15792
150
-10101
32221
44
-19968
-840
88
-6797
-1427
176
-5320
30168
97
-12276
-4051
195
-25510
24793
135
-3337
17583
15
-3513
3035
31
3186
-25677
62
11908
14692
125
-5616
30150
251
-32454
61065
246
-39304
24336
237
-29945
16411
219
-11669
33588
183
-46217
35556
111
-19952
6342
222
-15279
13194
189
-32654
27153
122
-6547
-10590
245
-14144
44992
235
-34167
25853
215
-26790
52215
174
-29273
7403
93
-1929
15315
186
-16221
31013
116
-20193
-2489
232
-10023
27789
209
-13372
23705
162
-29040
15664
68
-11109
31966
136
-18702
-966
16
17729
-1038
33
-11134
31201
67
-12330
-2368
134
1138
-4483
13
-2408
24055
27
-6949
-16661
54
20098
-45
108
-7798
33060
216
-39433
33990
177
-13357
3466
99
-15139
7443
199
-15463
15779
143
-11593
32578
30
-1455
131
60
10385
1154
121
-13461
35586
243
-19684
39168
231
-32468
13436
206
-13582
26998
156
-18722
22248
57
-6039
-20146
115
-4628
25625
230
-5029
19630
204
-28601
39770
152
-9771
15026
49
-16353
-1567
98
-6664
30145
197
-11968
-3969
139
-2856
25340
22
-12197
18678
45
7329
5864
90
-22426
12111
180
2525
24732
105
-25068
17590
210
-32146
35435
164
-19202
6228
72
4492
12839
145
-34686
26187
34
1558
-12013
69
-6266
9122
138
-16921
18754
20
8660
5122
41
-678
10752
82
-9980
-10882
165
8691
11384
74
-9847
23789
149
-24395
15575
42
-6342
-724
84
-3118
-940
169
-7772
31525
83
4249
-1082
167
-12082
31114
78
-18968
30481
157
-14043
-3810
59
-4342
-6600
119
3431
20205
238
-17371
41559
221
-34745
50988
187
-24764
5077
118
-24068
10537
236
-2000
21839
217
-25676
44828
179
-35242
25270
103
-26218
18793
207
-9383
5712
158
-18105
44574
61
-17170
-8264
123
1348
16622
247
-11891
34264
239
-45364
36141
223
-20568
40278
191
-35799
15913
126
-17522
-304
253
-7856
32797
250
-40263
33593
244
-41509
35054
233
-18918
5593
211
-17831
44975
166
-39971
25436
76
-4355
18997
153
-24142
5736
51
3810
-20531
102
1307
24727
205
-24398
17962
154
-8880
36818
53
-27336
8737
106
-36
17984
212
-17274
4093
168
-16061
8825
81
964
18416
163
-20245
37598
70
-6812
10936
140
-8515
-10514
24
9621
12379
48
-8402
25395
96
-3849
18661
193
-21889
5063
131
5784
10891
7
-13887
22164
14
1386
-20059
29
5529
-6713
58
4115
19596
117
7258
7189
234
-25268
47527
213
-22057
30411
170
-18194
-3947
85
-7987
25638
171
-9909
19275
87
-4976
6674
175
-1938
13857
95
-17384
28861
190
-8162
25593
124
-32557
19184
249
-15967
38749
242
-28003
12984
229
-35959
26220
202
-4727
20822
148
-29628
42409
40
-8881
-12208
80
-13217
8606
161
402
17850
66
1925
3698
132
-19279
7777
9
6765
16831
19
-17197
1660
39
18164
4213
79
-14683
8935
159
-13378
18506
63
-15643
4752
127
9423
10140
255
-24113
54067
254
-50972
43363
252
-34711
21571
248
-23728
11267
240
-30378
23172
225
-24872
14852
194
-11169
30599
133
-23706
29833
11
5490
-4719
23
-7046
-8418
47
10094
16824
94
-12009
1517
188
-5013
36311
120
-21308
8364
241
-22063
49878
227
-21655
2602
198
-20172
38353
141
-13496
12318
26
7504
-7109
52
-291
19443
104
-16087
39526
208
-27639
14155
160
-8441
-4074
64
-2202
25258
128
-29482
18387
1
14709
5028
2
-19737
10438
4
10469
-11126
8
-7434
10515
17
3782
-11356
35
10267
10181
71
-2017
-11898
142
-6608
9224
28
936
19085
56
2466
6040
113
-927
12591
226
-13266
25564
196
-16725
18615
137
-4589
5610
18
-3298
11988
37
-3111
25251
75
-24656
18499
151
-4864
4865
46
-17155
10110
92
3494
-12039
184
-13198
41713
112
-9328
-13855
224
-16531
37824
192
-7552
11391
129
-14859
23675
3
-5032
15988
6
-9498
358
12
2487
1483
25
-4836
3349
50
11757
6953
100
3892
14289
201
-34867
29088
146
-1468
26047
36
-30918
19835
73
-10269
7539
147
-15281
15459
38
-9639
-1725
77
-66
-3071
155
-23247
27006
55
-6899
-10761
110
8127
11500
220
-29408
23894
185
-21789
15787
114
-13033
-299
228
-8524
32936
200
-20020
34128
144
-20825
36765
32
-19891
9017
65
-16453
18670
130
-8835
5081
5
6128
10670
10
-8661
-11045
21
13807
-21452
43
1857
22758
86
-111
-19382
173
-31
27153
91
-8751
22687
182
-19134
46012
109
-35829
27892
218
-25430
23272
181
-24606
14286
107
-9021
-3430
214
-22011
26419
172
-27414
20709
89
6874
9671
178
-27209
52494
101
-23629
7833
203
-19622
15792
150
-10101
32221
44
-19968
-840
88
-6797
-1427
176
-5320
30168
97
-12276
-4051
195
-25510
24793
135
-3337
17583
15
-3513
3035
31
3186
-25677
62
11908
14692
125
-5616
30150
251
-32454
61065
246
-39304
24336
237
-29945
16411
219
-11669
33588
183
-46217
35556
111
-19952
6342
222
-15279
13194
189
-32654
27153
122
-6547
-10590
245
-14144
44992
235
-34167
25853
215
-26790
52215
174
-29273
7403
93
-1929
15315
186
-16221
31013
116
-20193
-2489
232
-10023
27789
209
-13372
23705
162
-29040
15664
68
-11109
31966
136
-18702
-966
16
17729
-1038
33
-11134
31201
67
-12330
-2368
134
1138
-4483
13
-2408
24055
27
-6949
-16661
54
20098
-45
108
-7798
33060
216
-39433
33990
177
-13357
3466
99
-15139
7443
199
-15463
15779
143
-11593
32578
30
-1455
131
60
10385
1154
121
-13461
35586
243
-19684
39168
231
-32468
13436
206
-13582
26998
156
-18722
22248
57
-6039
-20146
115
-4628
25625
230
-5029
19630
204
-28601
39770
152
-9771
15026
49
-16353
-1567
98
-6664
30145
197
-11968
-3969
139
-2856
25340
22
-12197
18678
45
7329
5864
90
-22426
12111
180
2525
24732
105
-25068
17590
210
-32146
35435
164
-19202
6228
72
4492
12839
145
-34686
26187
34
1558
-12013
69
-6266
9122
138
-16921
18754
20
8660
5122
41
-678
10752
82
-9980
-10882
165
8691
11384
74
-9847
23789
149
-24395
15575
42
-6342
-724
84
-3118
-940
169
-7772
31525
83
4249
-1082
167
-12082
31114
78
-18968
30481
157
-14043
-3810
59
-4342
-6600
119
3431
20205
238
-17371
41559
221
-34745
50988
187
-24764
5077
118
-24068
10537
236
-2000
21839
217
-25676
44828
179
-35242
25270
103
-26218
18793
207
-9383
5712
158
-18105
44574
61
-17170
-8264
123
1348
16622
247
-11891
34264
239
-45364
36141
223
-20568
40278
191
-35799
15913
126
-17522
-304
253
-7856
32797
250
-40263
33593
244
-41509
35054
233
-18918
5593
211
-17831
44975
166
-39971
25436
76
-4355
18997
153
-24142
5736
51
3810
-20531
102
1307
24727
205
-24398
17962
154
-8880
36818
53
-27336
8737
106
-36
17984
212
-17274
4093
168
-16061
8825
81
964
18416
163
-20245
37598
70
-6812
10936
140
-8515
-10514
24
9621
12379
48
-8402
25395
96
-3849
18661
193
-21889
5063
131
5784
10891
7
-13887
22164
14
1386
-20059
29
5529
-6713
58
4115
19596
117
7258
7189
234
-25268
47527
213
-22057
30411
170
-18194
-3947
85
-7987
25638
171
-9909
19275
87
-4976
6674
175
-1938
13857
95
-17384
28861
190
-8162
25593
124
-32557
19184
249
-15967
38749
242
-28003
12984
229
-35959
26220
202
-4727
20822
148
-29628
42409
40
-8881
-12208
80
-13217
8606
161
402
17850
66
1925
3698
132
-19279
7777
9
6765
16831
19
-17197
1660
39
18164
4213
79
-14683
8935
159
-13378
18506
63
-15643
4752
127
9423
10140
255
-24113
54067
254
-50972
43363
252
-34711
21571
248
-23728
11267
240
-30378
23172
225
-24872
14852
194
-11169
30599
133
-23706
29833
11
5490
-4719
23
-7046
-8418
47
10094
16824
94
-12009
1517
188
-5013
36311
120
-21308
8364
241
-22063
49878
227
-21655
2602
198
-20172
38353
141
-13496
12318
26
7504
-7109
52
-291
19443
104
-16087
39526
208
-27639
14155
160
-8441
-4074
64
-2202
25258
128
-29482
18387
1
14709
5028
2
-19737
10438
4
10469
-11126
8
-7434
10515
17
3782
-11356
35
10267
10181
219
-6194
24063
183
-46217
35556
111
-19952
6342
222
-15279
13194
189
-32654
27153
122
-6547
-10590
245
-14144
44992
235
-34167
25853
215
-26790
52215
174
-29273
7403
93
-1929
15315
186
-16221
31013
116
-20193
-2489
232
-10023
27789
209
-13372
23705
162
-29040
15664
68
-11109
31966
136
-18702
-966
16
17729
-1038
33
-11134
31201
67
-12330
-2368
134
1138
-4483
13
-2408
24055
27
-6949
-16661
54
20098
-45
108
-7798
33060
216
-39433
33990
177
-13357
3466
99
-15139
7443
199
-15463
15779
143
-11593
32578
30
-1455
131
60
10385
1154
121
-13461
35586
243
-19684
39168
231
-32468
13436
206
-13582
26998
156
-18722
22248
57
-6039
-20146
115
-4628
25625
230
-5029
19630
204
-28601
39770
152
-9771
15026
49
-16353
-1567
98
-6664
30145
197
-11968
-3969
139
-2856
25340
22
-12197
18678
45
7329
5864
90
-22426
12111
180
2525
24732
105
-25068
17590
210
-32146
35435
164
-19202
6228
72
4492
12839
145
-34686
26187
34
1558
-12013
69
-6266
9122
138
-16921
18754
20
8660
5122
41
-678
10752
82
-9980
-10882
165
8691
11384
74
-9847
23789
149
-24395
15575
42
-6342
-724
84
-3118
-940
169
-7772
31525
83
4249
-1082
167
-12082
31114
78
-18968
30481
157
-14043
-3810
59
-4342
-6600
119
3431
20205
238
-17371
41559
221
-34745
50988
187
-24764
5077
118
-24068
10537
236
-2000
21839
217
-25676
44828
179
-35242
25270
103
-26218
18793
207
-9383
5712
158
-18105
44574
61
-17170
-8264
123
1348
16622
247
-11891
34264
239
-45364
36141
223
-20568
40278
191
-35799
15913
126
-17522
-304
253
-7856
32797
250
-40263
33593
244
-41509
35054
233
-18918
5593
211
-17831
44975
166
-39971
25436
76
-4355
18997
153
-24142
5736
51
3810
-20531
102
1307
24727
205
-24398
17962
154
-8880
36818
53
-27336
8737
106
-36
17984
212
-17274
4093
168
-16061
8825
81
964
18416
163
-20245
37598
70
-6812
10936
140
-8515
-10514
24
9621
12379
48
-8402
25395
96
-3849
18661
193
-21889
5063
131
5784
10891
7
-13887
22164
14
1386
-20059
29
5529
-6713
58
4115
19596
117
7258
7189
234
-25268
47527
213
-22057
30411
170
-18194
-3947
85
-7987
25638
171
-9909
19275
87
-4976
6674
175
-1938
13857
95
-17384
28861
190
-8162
25593
124
-32557
19184
249
-15967
38749
242
-28003
12984
229
-35959
26220
202
-4727
20822
148
-29628
42409
40
-8881
-12208
80
-13217
8606
161
402
17850
66
1925
3698
132
-19279
7777
9
6765
16831
19
-17197
1660
39
18164
4213
79
-14683
8935
159
-13378
18506
63
-15643
4752
127
9423
10140
255
-24113
54067
254
-50972
43363
252
-34711
21571
248
-23728
11267
240
-30378
23172
225
-24872
14852
194
-11169
30599
133
-23706
29833
11
5490
-4719
23
-7046
-8418
47
10094
16824
94
-12009
1517
188
-5013
36311
120
-21308
8364
241
-22063
49878
227
-21655
2602
198
-20172
38353
141
-13496
12318
26
7504
-7109
52
-291
19443
104
-16087
39526
208
-27639
14155
160
-8441
-4074
64
-2202
25258
128
-29482
18387
1
14709
5028
2
-19737
10438
4
10469
-11126
8
-7434
10515
17
3782
-11356
35
10267
10181
71
-2017
-11898
142
-6608
9224
28
936
19085
56
2466
6040
113
-927
12591
226
-13266
25564
196
-16725
18615
137
-4589
5610
18
-3298
11988
37
-3111
25251
75
-24656
18499
151
-4864
4865
46
-17155
10110
92
3494
-12039
184
-13198
41713
112
-9328
-13855
224
-16531
37824
192
-7552
11391
129
-14859
23675
3
-5032
15988
6
-9498
358
12
2487
1483
25
-4836
3349
50
11757
6953
100
3892
14289
201
-34867
29088
146
-1468
26047
36
-30918
19835
73
-10269
7539
147
-15281
15459
38
-9639
-1725
77
-66
-3071
155
-23247
27006
55
-6899
-10761
110
8127
11500
220
-29408
23894
185
-21789
15787
114
-13033
-299
228
-8524
32936
200
-20020
34128
144
-20825
36765
32
-19891
9017
65
-16453
18670
130
-8835
5081
5
6128
10670
10
-8661
-11045
21
13807
-21452
43
1857
22758
86
-111
-19382
173
-31
27153
91
-8751
22687
182
-19134
46012
109
-35829
27892
218
-25430
23272
181
-24606
14286
107
-9021
-3430
214
-22011
26419
172
-27414
20709
89
6874
9671
178
-27209
52494
101
-23629
7833
203
-19622
15792
150
-10101
32221
44
-19968
-840
88
-6797
-1427
176
-5320
30168
97
-12276
-4051
195
-25510
24793
135
-3337
17583
15
-3513
3035
31
3186
-25677
62
11908
14692
125
-5616
30150
251
-32454
61065
246
-39304
24336
237
-29945
16411
219
-11669
33588
183
-46217
35556
111
-19952
6342
222
-15279
13194
189
-32654
27153
122
-6547
-10590
245
-14144
44992
235
-34167
25853
215
-26790
52215
174
-29273
7403
93
-1929
15315
186
-16221
31013
116
-20193
-2489
232
-10023
27789
209
-13372
23705
162
-29040
15664
68
-11109
31966
136
-18702
-966
16
17729
-1038
33
-11134
31201
67
-12330
-2368
134
1138
-4483
13
-2408
24055
27
-6949
-16661
54
20098
-45
108
-7798
33060
216
-39433
33990
177
-13357
3466
99
-15139
7443
199
-15463
15779
143
-11593
32578
30
-1455
131
60
10385
1154
121
-13461
35586
243
-19684
39168
231
-32468
13436
206
-13582
26998
156
-18722
22248
57
-6039
-20146
115
-4628
25625
230
-5029
19630
204
-28601
39770
152
-9771
15026
49
-16353
-1567
98
-6664
30145
197
-11968
-3969
139
-2856
25340
22
-12197
18678
45
7329
5864
90
-22426
12111
180
2525
24732
105
-25068
17590
210
-32146
35435
164
-19202
6228
72
4492
12839
145
-34686
26187
34
1558
-12013
69
-6266
9122
138
-16921
18754
20
8660
5122
41
-678
10752
82
-9980
-10882
165
8691
11384
74
-9847
23789
149
-24395
15575
42
-6342
-724
84
-3118
-940
169
-7772
31525
83
4249
-1082
167
-12082
31114
78
-18968
30481
157
-14043
-3810
59
-4342
-6600
119
3431
20205
238
-17371
41559
221
-34745
50988
187
-24764
5077
118
-24068
10537
236
-2000
21839
217
-25676
44828
179
-35242
25270
103
-26218
18793
207
-9383
5712
158
-18105
44574
61
-17170
-8264
123
1348
16622
247
-11891
34264
239
-45364
36141
223
-20568
40278
191
-35799
15913
126
-17522
-304
253
-7856
32797
250
-40263
33593
244
-41509
35054
233
-18918
5593
211
-17831
44975
166
-39971
25436
76
-4355
18997
153
-24142
5736
51
3810
-20531
102
1307
24727
205
-24398
17962
154
-8880
36818
53
-27336
8737
106
-36
17984
212
-17274
4093
168
-16061
8825
81
964
18416
163
-20245
37598
70
-6812
10936
140
-8515
-10514
24
9621
12379
48
-8402
25395
96
-3849
18661
193
-21889
5063
131
5784
10891
7
-13887
22164
14
1386
-20059
29
5529
-6713
58
4115
19596
117
7258
7189
234
-25268
47527
213
-22057
30411
170
-18194
-3947
85
-7987
25638
171
-9909
19275
87
-4976
6674
175
-1938
13857
95
-17384
28861
190
-8162
25593
124
-32557
19184
249
-15967
38749
242
-28003
12984
229
-35959
26220
202
-4727
20822
148
-29628
42409
40
-8881
-12208
80
-13217
8606
161
402
17850
66
1925
3698
132
-19279
7777
9
6765
16831
19
-17197
1660
39
18164
4213
79
-14683
8935
159
-13378
18506
63
-15643
4752
127
9423
10140
255
-24113
54067
254
-50972
43363
252
-34711
21571
248
-23728
11267
240
-30378
23172
225
-24872
14852
194
-11169
30599
133
-23706
29833
11
5490
-4719
23
-7046
-8418
47
10094
16824
94
-12009
1517
188
-5013
36311
120
-21308
8364
241
-22063
49878
227
-21655
2602
198
-20172
38353
141
-13496
12318
26
7504
-7109
52
-291
19443
104
-16087
39526
208
-27639
14155
160
-8441
-4074
64
-2202
25258
128
-29482
18387
1
14709
5028
2
-19737
10438
4
10469
-11126
8
-7434
10515
17
3782
-11356
35
10267
10181
71
-2017
-11898
142
-6608
9224
28
936
19085
56
2466
6040
113
-927
12591
226
-13266
25564
196
-16725
18615
137
-4589
5610
18
-3298
11988
37
-3111
25251
75
-24656
18499
151
-4864
4865
46
-17155
10110
92
3494
-12039
184
-13198
41713
112
-9328
-13855
224
-16531
37824
192
-7552
11391
129
-14859
23675
3
-5032
15988
6
-9498
358
12
2487
1483
25
-4836
3349
50
11757
6953
100
3892
14289
201
-34867
29088
146
-1468
26047
36
-30918
19835
73
-10269
7539
147
-15281
15459
38
-9639
-1725
77
-66
-3071
155
-23247
27006
55
-6899
-10761
110
8127
11500
220
-29408
23894
185
-21789
15787
114
-13033
-299
228
-8524
32936
200
-20020
34128
144
-20825
36765
32
-19891
9017
65
-16453
18670
130
-8835
5081
5
6128
10670
10
-8661
-11045
21
13807
-21452
43
1857
22758
86
-111
-19382
173
-31
27153
91
-8751
22687
182
-19134
46012
109
-35829
27892
218
-25430
23272
181
-24606
14286
107
-9021
-3430
214
-22011
26419
172
-27414
20709
89
6874
9671
178
-27209
52494
101
-23629
7833
203
-19622
15792
150
-10101
32221
44
-19968
-840
88
-6797
-1427
176
-5320
30168
97
-12276
-4051
195
-25510
24793
135
-3337
17583
15
-3513
3035
31
3186
-25677
62
11908
14692
125
-5616
30150
251
-32454
61065
246
-39304
24336
237
-29945
16411
219
-11669
33588
183
-46217
35556
111
-19952
6342
222
-15279
13194
189
-32654
27153
122
-6547
-10590
245
-14144
44992
235
-34167
25853
215
-26790
52215
174
-29273
7403
93
-1929
15315
186
-16221
31013
116
-20193
-2489
232
-10023
27789
