133
7650
11929
134
7672
12044
135
7694
12159
136
7716
12274
137
7738
12389
138
7760
12504
139
7782
12619
140
7804
12734
141
7826
12849
142
7848
12964
143
7870
13079
144
7892
13194
145
7914
13309
146
7936
13424
147
7958
13539
148
7980
13654
149
8002
13769
150
8024
13884
151
8046
13999
152
8068
14114
153
8090
14229
154
8112
14344
155
8134
14459
156
8156
14574
157
8178
14689
158
8200
14804
159
8222
14919
160
8244
15034
161
8266
15149
162
8288
15264
163
8310
15379
164
8332
15494
165
8354
15609
166
8376
15724
167
8398
15839
168
8420
15954
169
8442
16069
170
8464
16184
171
8486
16299
172
8508
16414
173
8530
16529
174
8552
16644
175
8574
16759
176
8596
16874
177
8618
16989
178
8640
17104
179
8662
17219
180
8684
17334
181
8706
17449
182
8728
17564
183
8750
17679
184
8772
17794
185
8794
17909
186
8816
18024
187
8838
18139
188
8860
18254
189
8882
18369
190
8904
18484
191
8926
18599
192
8948
18714
193
8970
18829
194
8992
18944
195
9014
19059
196
9036
19174
197
9058
19289
198
9080
19404
199
9102
19519
200
9124
19634
201
9146
19749
202
9168
19864
203
9190
19979
204
9212
20094
205
9234
20209
206
9256
20324
207
9278
20439
208
9300
20554
209
9322
20669
210
9344
20784
211
9366
20899
212
9388
21014
213
9410
21129
214
9432
21244
215
9454
21359
216
9476
21474
217
9498
21589
218
9520
21704
219
9542
21819
220
9564
21934
221
9586
22049
222
9608
22164
223
9630
22279
224
9652
22394
225
9674
22509
226
9696
22624
227
9718
22739
228
9740
22854
229
9762
22969
230
9784
23084
231
9806
23199
232
9828
23314
233
9850
23429
234
9872
23544
235
9894
23659
236
9916
23774
237
9938
23889
238
9960
24004
239
9982
24119
240
10004
24234
241
10026
24349
242
10048
24464
243
10070
24579
244
10092
24694
245
10114
24809
246
10136
24924
247
10158
25039
248
10180
25154
249
10202
25269
250
10224
25384
251
10246
25499
1
-16840
-6263
2
-30372
-6148
3
-37127
-5782
4
-40368
26461
5
-9724
-5301
6
-9702
-5186
7
-9680
-5071
8
-9658
-4956
9
-9636
-4841
10
-9614
-4726
11
-9592
-4611
12
-9570
-4496
13
-9548
-4381
14
-9526
-4266
15
-9504
-4151
16
-9482
-4036
17
-9460
-3921
18
-9438
-3806
19
-9416
-3691
20
-9394
-3576
21
-9372
-3461
22
-9350
-3346
23
-9328
-3231
24
-9306
-3116
25
-9284
-3001
26
-9262
-2886
27
-9240
-2771
28
-9218
-2656
29
-9196
-2541
30
-9174
-2426
31
-9152
-2311
32
-9130
-2196
33
-25925
-2081
34
-34186
-1715
35
-38180
30528
36
-8038
-1234
37
-25084
-1119
38
-25062
-1004
39
-25040
-889
40
-25018
-774
41
-24996
-659
42
-24974
-544
43
-24952
-429
44
-24930
-314
45
-24908
-199
46
-24886
-84
47
-24864
31
48
-24842
146
49
-24820
261
50
-24798
376
51
-24776
491
52
-24754
606
53
-24732
721
54
-24710
836
55
-24688
951
56
-24666
1066
57
-24644
1181
58
-24622
1296
59
-24600
1411
60
-24578
1526
61
-24556
1641
62
-24534
1756
63
-24512
1871
64
-24490
1986
65
-874
2352
66
10945
34595
67
16991
2833
68
-12103
2948
69
5489
3314
70
5511
3429
71
5533
3544
72
5555
3659
73
5577
3774
74
5599
3889
75
5621
4004
76
5643
4119
77
5665
4234
78
5687
4349
79
5709
4464
80
5731
4579
81
5753
4694
82
5775
4809
83
5797
4924
84
5819
5039
85
5841
5154
86
5863
5269
87
5885
5384
88
5907
5499
89
5929
5614
90
5951
5729
91
5973
5844
92
5995
5959
93
6017
6074
94
6039
6189
95
6061
6304
96
6083
6419
97
-17238
38662
98
3366
6900
99
13679
7015
100
18972
7381
101
21755
39624
102
21777
39739
103
21799
39854
104
21821
39969
105
21843
40084
106
21865
40199
107
21887
40314
108
21909
40429
109
21931
40544
110
21953
40659
111
21975
40774
112
21997
40889
113
22019
41004
114
22041
41119
115
22063
41234
116
22085
41349
117
22107
41464
118
22129
41579
119
22151
41694
120
22173
41809
121
22195
41924
122
22217
42039
123
22239
42154
124
22261
42269
125
22283
42384
126
22305
42499
127
22327
42614
128
22349
42729
129
-8251
10967
130
8588
11082
131
17144
11448
132
-10695
43691
133
7650
11929
134
7672
12044
135
7694
12159
136
7716
12274
137
7738
12389
138
7760
12504
139
7782
12619
140
7804
12734
141
7826
12849
142
7848
12964
143
7870
13079
144
7892
13194
145
7914
13309
146
7936
13424
147
7958
13539
148
7980
13654
149
8002
13769
150
8024
13884
151
8046
13999
152
8068
14114
153
8090
14229
154
8112
14344
155
8134
14459
156
8156
14574
157
8178
14689
158
8200
14804
159
8222
14919
160
8244
15034
161
8266
15149
162
8288
15264
163
8310
15379
164
8332
15494
165
8354
15609
166
8376
15724
167
8398
15839
168
8420
15954
169
8442
16069
170
8464
16184
171
8486
16299
172
8508
16414
173
8530
16529
174
8552
16644
175
8574
16759
176
8596
16874
177
8618
16989
178
8640
17104
179
8662
17219
180
8684
17334
181
8706
17449
182
8728
17564
183
8750
17679
184
8772
17794
185
8794
17909
186
8816
18024
187
8838
18139
188
8860
18254
189
8882
18369
190
8904
18484
191
8926
18599
192
8948
18714
193
8970
18829
194
8992
18944
195
9014
19059
196
9036
19174
197
9058
19289
198
9080
19404
199
9102
19519
200
9124
19634
201
9146
19749
202
9168
19864
203
9190
19979
204
9212
20094
205
9234
20209
206
9256
20324
207
9278
20439
208
9300
20554
209
9322
20669
210
9344
20784
211
9366
20899
212
9388
21014
213
9410
21129
214
9432
21244
215
9454
21359
216
9476
21474
217
9498
21589
218
9520
21704
219
9542
21819
220
9564
21934
221
9586
22049
222
9608
22164
223
9630
22279
224
9652
22394
225
9674
22509
226
9696
22624
227
9718
22739
228
9740
22854
229
9762
22969
230
9784
23084
231
9806
23199
232
9828
23314
233
9850
23429
234
9872
23544
235
9894
23659
236
9916
23774
237
9938
23889
238
9960
24004
239
9982
24119
240
10004
24234
241
10026
24349
242
10048
24464
243
10070
24579
244
10092
24694
245
10114
24809
246
10136
24924
247
10158
25039
248
10180
25154
249
10202
25269
250
10224
25384
251
10246
25499
1
-16840
-6263
2
-30372
-6148
3
-37127
-5782
4
-40368
26461
5
-9724
-5301
6
-9702
-5186
7
-9680
-5071
8
-9658
-4956
9
-9636
-4841
10
-9614
-4726
11
-9592
-4611
12
-9570
-4496
13
-9548
-4381
14
-9526
-4266
15
-9504
-4151
16
-9482
-4036
17
-9460
-3921
18
-9438
-3806
19
-9416
-3691
20
-9394
-3576
21
-9372
-3461
22
-9350
-3346
23
-9328
-3231
24
-9306
-3116
25
-9284
-3001
26
-9262
-2886
27
-9240
-2771
28
-9218
-2656
29
-9196
-2541
30
-9174
-2426
31
-9152
-2311
32
-9130
-2196
33
-25925
-2081
34
-34186
-1715
35
-38180
30528
36
-8038
-1234
37
-25084
-1119
38
-25062
-1004
39
-25040
-889
40
-25018
-774
41
-24996
-659
42
-24974
-544
43
-24952
-429
44
-24930
-314
45
-24908
-199
46
-24886
-84
47
-24864
31
48
-24842
146
49
-24820
261
50
-24798
376
51
-24776
491
52
-24754
606
53
-24732
721
54
-24710
836
55
-24688
951
56
-24666
1066
57
-24644
1181
58
-24622
1296
59
-24600
1411
60
-24578
1526
61
-24556
1641
62
-24534
1756
63
-24512
1871
64
-24490
1986
65
-874
2352
66
10945
34595
67
16991
2833
68
-12103
2948
69
5489
3314
70
5511
3429
71
5533
3544
72
5555
3659
73
5577
3774
74
5599
3889
75
5621
4004
76
5643
4119
77
5665
4234
78
5687
4349
79
5709
4464
80
5731
4579
81
5753
4694
82
5775
4809
83
5797
4924
84
5819
5039
85
5841
5154
86
5863
5269
87
5885
5384
88
5907
5499
89
5929
5614
90
5951
5729
91
5973
5844
92
5995
5959
93
6017
6074
94
6039
6189
95
6061
6304
96
6083
6419
97
-17238
38662
98
3366
6900
99
13679
7015
100
18972
7381
101
21755
39624
102
21777
39739
103
21799
39854
104
21821
39969
105
21843
40084
106
21865
40199
107
21887
40314
108
21909
40429
109
21931
40544
110
21953
40659
111
21975
40774
112
21997
40889
113
22019
41004
114
22041
41119
115
22063
41234
116
22085
41349
117
22107
41464
118
22129
41579
119
22151
41694
120
22173
41809
121
22195
41924
122
22217
42039
123
22239
42154
124
22261
42269
125
22283
42384
126
22305
42499
127
22327
42614
128
22349
42729
129
-8251
10967
130
8588
11082
131
17144
11448
132
-10695
43691
133
7650
11929
134
7672
12044
135
7694
12159
136
7716
12274
137
7738
12389
138
7760
12504
139
7782
12619
140
7804
12734
141
7826
12849
142
7848
12964
143
7870
13079
144
7892
13194
145
7914
13309
146
7936
13424
147
7958
13539
148
7980
13654
149
8002
13769
150
8024
13884
151
8046
13999
152
8068
14114
153
8090
14229
154
8112
14344
155
8134
14459
156
8156
14574
157
8178
14689
158
8200
14804
159
8222
14919
160
8244
15034
161
8266
15149
162
8288
15264
163
8310
15379
164
8332
15494
165
8354
15609
166
8376
15724
167
8398
15839
168
8420
15954
169
8442
16069
170
8464
16184
171
8486
16299
172
8508
16414
173
8530
16529
174
8552
16644
175
8574
16759
176
8596
16874
177
8618
16989
178
8640
17104
179
8662
17219
180
8684
17334
181
8706
17449
182
8728
17564
183
8750
17679
184
8772
17794
185
8794
17909
186
8816
18024
187
8838
18139
188
8860
18254
189
8882
18369
190
8904
18484
191
8926
18599
192
8948
18714
193
8970
18829
194
8992
18944
195
9014
19059
196
9036
19174
197
9058
19289
198
9080
19404
199
9102
19519
200
9124
19634
201
9146
19749
202
9168
19864
203
9190
19979
204
9212
20094
205
9234
20209
206
9256
20324
207
9278
20439
208
9300
20554
209
9322
20669
210
9344
20784
211
9366
20899
212
9388
21014
213
9410
21129
214
9432
21244
215
9454
21359
216
9476
21474
217
9498
21589
218
9520
21704
219
9542
21819
220
9564
21934
221
9586
22049
222
9608
22164
223
9630
22279
224
9652
22394
225
9674
22509
226
9696
22624
227
9718
22739
228
9740
22854
229
9762
22969
230
9784
23084
231
9806
23199
232
9828
23314
233
9850
23429
234
9872
23544
235
9894
23659
236
9916
23774
237
9938
23889
238
9960
24004
239
9982
24119
240
10004
24234
241
10026
24349
242
10048
24464
243
10070
24579
244
10092
24694
245
10114
24809
246
10136
24924
247
10158
25039
248
10180
25154
249
10202
25269
250
10224
25384
251
10246
25499
1
-16840
-6263
2
-30372
-6148
3
-37127
-5782
4
-40368
26461
5
-9724
-5301
6
-9702
-5186
7
-9680
-5071
8
-9658
-4956
9
-9636
-4841
10
-9614
-4726
11
-9592
-4611
12
-9570
-4496
13
-9548
-4381
14
-9526
-4266
15
-9504
-4151
16
-9482
-4036
17
-9460
-3921
18
-9438
-3806
19
-9416
-3691
20
-9394
-3576
21
-9372
-3461
22
-9350
-3346
23
-9328
-3231
24
-9306
-3116
25
-9284
-3001
26
-9262
-2886
27
-9240
-2771
28
-9218
-2656
29
-9196
-2541
30
-9174
-2426
31
-9152
-2311
32
-9130
-2196
33
-25925
-2081
34
-34186
-1715
35
-38180
30528
36
-8038
-1234
37
-25084
-1119
38
-25062
-1004
39
-25040
-889
40
-25018
-774
41
-24996
-659
42
-24974
-544
43
-24952
-429
44
-24930
-314
45
-24908
-199
46
-24886
-84
47
-24864
31
48
-24842
146
49
-24820
261
50
-24798
376
51
-24776
491
52
-24754
606
53
-24732
721
54
-24710
836
55
-24688
951
56
-24666
1066
57
-24644
1181
58
-24622
1296
59
-24600
1411
60
-24578
1526
61
-24556
1641
62
-24534
1756
63
-24512
1871
64
-24490
1986
65
-874
2352
66
10945
34595
67
16991
2833
68
-12103
2948
69
5489
3314
70
5511
3429
71
5533
3544
72
5555
3659
73
5577
3774
74
5599
3889
75
5621
4004
76
5643
4119
77
5665
4234
78
5687
4349
79
5709
4464
80
5731
4579
81
5753
4694
82
5775
4809
83
5797
4924
84
5819
5039
85
5841
5154
86
5863
5269
87
5885
5384
88
5907
5499
89
5929
5614
90
5951
5729
91
5973
5844
92
5995
5959
93
6017
6074
94
6039
6189
95
6061
6304
96
6083
6419
97
-17238
38662
98
3366
6900
99
13679
7015
100
18972
7381
101
21755
39624
102
21777
39739
103
21799
39854
104
21821
39969
105
21843
40084
106
21865
40199
107
21887
40314
108
21909
40429
109
21931
40544
110
21953
40659
111
21975
40774
112
21997
40889
113
22019
41004
114
22041
41119
115
22063
41234
116
22085
41349
117
22107
41464
118
22129
41579
119
22151
41694
120
22173
41809
121
22195
41924
122
22217
42039
123
22239
42154
124
22261
42269
125
22283
42384
126
22305
42499
127
22327
42614
128
22349
42729
129
-8251
10967
130
8588
11082
131
17144
11448
132
-10695
43691
133
7650
11929
134
7672
12044
135
7694
12159
136
7716
12274
137
7738
12389
138
7760
12504
139
7782
12619
140
7804
12734
141
7826
12849
142
7848
12964
143
7870
13079
144
7892
13194
145
7914
13309
146
7936
13424
147
7958
13539
148
7980
13654
149
8002
13769
150
8024
13884
151
8046
13999
152
8068
14114
153
8090
14229
154
8112
14344
155
8134
14459
156
8156
14574
157
8178
14689
158
8200
14804
159
8222
14919
160
8244
15034
161
8266
15149
162
8288
15264
163
8310
15379
164
8332
15494
165
8354
15609
166
8376
15724
167
8398
15839
168
8420
15954
169
8442
16069
170
8464
16184
171
8486
16299
172
8508
16414
173
8530
16529
174
8552
16644
175
8574
16759
176
8596
16874
177
8618
16989
178
8640
17104
179
8662
17219
180
8684
17334
181
8706
17449
182
8728
17564
183
8750
17679
184
8772
17794
185
8794
17909
186
8816
18024
187
8838
18139
188
8860
18254
189
8882
18369
190
8904
18484
191
8926
18599
192
8948
18714
193
8970
18829
194
8992
18944
195
9014
19059
196
9036
19174
197
9058
19289
198
9080
19404
199
9102
19519
200
9124
19634
201
9146
19749
202
9168
19864
203
9190
19979
204
9212
20094
205
9234
20209
206
9256
20324
207
9278
20439
208
9300
20554
209
9322
20669
210
9344
20784
211
9366
20899
212
9388
21014
213
9410
21129
214
9432
21244
215
9454
21359
216
9476
21474
217
9498
21589
218
9520
21704
219
9542
21819
220
9564
21934
221
9586
22049
222
9608
22164
223
9630
22279
224
9652
22394
225
9674
22509
226
9696
22624
227
9718
22739
228
9740
22854
229
9762
22969
230
9784
23084
231
9806
23199
232
9828
23314
233
9850
23429
234
9872
23544
235
9894
23659
236
9916
23774
237
9938
23889
238
9960
24004
239
9982
24119
240
10004
24234
241
10026
24349
242
10048
24464
243
10070
24579
244
10092
24694
245
10114
24809
246
10136
24924
247
10158
25039
248
10180
25154
249
10202
25269
250
10224
25384
251
10246
25499
1
-16840
-6263
2
-30372
-6148
3
-37127
-5782
4
-40368
26461
5
-9724
-5301
6
-9702
-5186
7
-9680
-5071
8
-9658
-4956
9
-9636
-4841
10
-9614
-4726
11
-9592
-4611
12
-9570
-4496
13
-9548
-4381
14
-9526
-4266
15
-9504
-4151
16
-9482
-4036
17
-9460
-3921
18
-9438
-3806
19
-9416
-3691
20
-9394
-3576
21
-9372
-3461
22
-9350
-3346
23
-9328
-3231
24
-9306
-3116
25
-9284
-3001
26
-9262
-2886
27
-9240
-2771
28
-9218
-2656
29
-9196
-2541
30
-9174
-2426
31
-9152
-2311
32
-9130
-2196
33
-25925
-2081
34
-34186
-1715
35
-38180
30528
36
-8038
-1234
37
-25084
-1119
38
-25062
-1004
39
-25040
-889
40
-25018
-774
41
-24996
-659
42
-24974
-544
43
-24952
-429
44
-24930
-314
45
-24908
-199
46
-24886
-84
47
-24864
31
48
-24842
146
49
-24820
261
50
-24798
376
51
-24776
491
52
-24754
606
53
-24732
721
54
-24710
836
55
-24688
951
56
-24666
1066
57
-24644
1181
58
-24622
1296
59
-24600
1411
60
-24578
1526
61
-24556
1641
62
-24534
1756
63
-24512
1871
64
-24490
1986
65
-874
2352
66
10945
34595
67
16991
2833
68
-12103
2948
69
5489
3314
70
5511
3429
47
-17622
18718
94
-35141
39218
188
18250
14429
120
28601
31026
241
27594
63709
227
62159
-1229
198
8727
63841
141
48121
-33605
26
-55437
110
52
-6367
2900
104
-1630
72868
208
-12844
49475
160
17397
2563
64
19628
-25856
128
8067
14717
1
-35896
31604
2
-38862
-156
4
-27216
-31294
8
-13334
3710
17
1995
8950
35
-15748
-13852
71
-15434
-26176
142
23533
46457
28
62843
-3990
56
18531
-39858
113
17537
-12140
226
-449
42787
196
1595
21441
137
9701
-20613
18
-29241
-39438
37
-25924
-11174
75
-27386
12208
151
-17152
58965
46
-16554
-11484
92
16467
-21314
184
-15654
-8585
112
5801
-15256
224
12655
35915
192
13325
-23791
129
-9697
19227
3
-16214
-24272
6
-54206
51162
12
-20066
6830
25
11985
15190
50
26613
-856
100
-19546
32076
201
14613
32915
146
27670
2465
36
27556
6204
73
-5716
46578
147
-18246
29661
38
-8982
-4556
77
26678
-8224
155
5226
50103
55
-41031
36322
110
-11424
-24260
220
11824
18799
185
-1754
72023
114
36935
14760
228
43567
-1591
200
-3599
31247
144
-6802
65301
32
-6622
34856
65
-8900
39366
130
19445
15239
5
-11828
-124
10
-22486
1154
21
-20723
-28420
43
-13376
42226
86
2805
-44322
173
-12427
42935
91
43099
-9752
182
-11412
47433
109
-15078
-758
218
-2016
32657
181
13984
2203
107
-14048
5684
214
7430
13283
172
44813
27971
89
-4861
24704
178
9200
18045
101
1570
5748
203
8595
45155
150
57932
-6337
44
-7094
53112
88
427
9320
176
664
-13367
97
7130
-25078
195
20117
49037
135
23317
1427
15
-38866
-28640
31
-21715
-22852
62
-23655
21872
125
12411
12764
251
7866
27823
246
37874
24793
237
17991
18855
219
41516
6727
183
16460
15491
111
-20280
64512
222
8816
-135
189
-742
66411
122
13521
4306
245
-5128
43035
235
30017
22961
215
19386
47963
174
42101
-32335
93
6423
2396
186
20968
39475
116
-38517
48098
232
13743
31553
209
5680
-32771
162
-9345
34549
68
32622
5350
136
-655
11845
16
-12765
25092
33
-7538
19072
67
2632
6648
134
31461
47079
13
9286
62536
27
10783
-4600
54
-6959
-8438
108
13238
17678
216
9848
69911
177
1368
43689
99
-8410
24140
199
27411
-14829
143
23241
4765
30
8829
-21452
60
-20333
24542
121
19933
50358
243
36648
36707
231
46871
42047
206
63573
20089
156
10462
8939
57
-20457
-12848
115
-35677
41752
230
20583
-11991
204
-5665
42701
152
25768
22163
49
441
13600
98
-9146
28350
197
34111
-6793
139
-20319
53609
22
-5287
10958
45
-18938
-41962
90
-42317
15400
180
-13708
33097
105
11606
2318
210
34554
38037
164
23259
11429
72
-28236
-8636
145
3034
-16127
34
-15320
1916
69
-8034
70514
138
45705
11743
20
-2059
-8136
41
-24088
-47126
82
-41735
5326
165
-17173
12181
74
1934
-6238
149
-25884
21693
42
-6452
12274
84
33023
25694
169
8063
20149
83
16401
9442
167
22489
20287
78
-18744
42486
157
-18966
-11163
59
-23799
12098
119
16885
-6404
238
7573
21489
221
-17868
44891
187
24760
-6225
118
3001
21594
236
147
12333
217
-22804
-6443
179
6624
22181
103
20930
14146
207
-1935
29951
158
-6468
29047
61
32167
-5658
123
-19955
-10170
247
17226
14469
239
49557
62851
223
31632
61693
191
-2720
-5389
126
-741
23262
253
8148
15413
250
3962
32741
244
24384
34243
233
36623
4737
211
7346
44283
166
-11099
25327
76
-38674
-13352
153
-35272
-24537
51
-45623
-14138
102
-13794
5638
205
18863
13059
154
1078
27263
53
29453
-8972
106
-23068
-16286
212
-22576
34749
168
-3145
38899
81
36367
-18210
163
36831
-1993
70
-21178
-1816
140
-31963
30539
24
25473
-1520
48
-675
31642
96
-3138
-720
193
-12339
33369
131
-7
3117
7
16266
-25260
14
-2362
-15838
29
-43413
67902
58
29977
39028
117
36575
-18464
234
6673
29625
213
58252
-4375
170
26671
25037
85
14583
52112
171
49339
7323
87
-24275
16812
175
317
35537
95
21843
7704
190
22384
17065
124
17603
3786
249
29414
74509
242
19412
20625
229
-13825
75291
202
56743
-10705
148
-10012
13143
40
-10384
-3674
80
-7269
27078
161
-6987
23685
66
-38380
16262
132
-13429
2181
9
16598
5766
19
-10001
13956
39
-58514
29954
79
-28908
-3842
159
25296
26613
63
18053
-10396
127
-7065
13120
255
26148
-4489
254
2808
90215
252
-11644
18629
248
5382
-26749
240
-3918
13823
225
14723
29431
194
36473
27625
133
-16425
25033
11
-54414
-13426
23
-22931
8338
47
-17622
18718
94
-35141
39218
188
18250
14429
120
28601
31026
241
27594
63709
227
62159
-1229
198
8727
63841
141
48121
-33605
26
-55437
110
52
-6367
2900
104
-1630
72868
208
-12844
49475
160
17397
2563
64
19628
-25856
128
8067
14717
1
-35896
31604
2
-38862
-156
4
-27216
-31294
8
-13334
3710
17
1995
8950
35
-15748
-13852
71
-15434
-26176
142
23533
46457
28
62843
-3990
56
18531
-39858
113
17537
-12140
226
-449
42787
196
1595
21441
137
9701
-20613
18
-29241
-39438
37
-25924
-11174
75
-27386
12208
151
-17152
58965
46
-16554
-11484
92
16467
-21314
184
-15654
-8585
112
5801
-15256
224
12655
35915
192
13325
-23791
129
-9697
19227
3
-16214
-24272
6
-54206
51162
12
-20066
6830
25
11985
15190
50
26613
-856
100
-19546
32076
201
14613
32915
146
27670
2465
36
27556
6204
73
-5716
46578
147
-18246
29661
38
-8982
-4556
77
26678
-8224
155
5226
50103
55
-41031
36322
110
-11424
-24260
220
11824
18799
185
-1754
72023
114
36935
14760
228
43567
-1591
200
-3599
31247
144
-6802
65301
32
-6622
34856
65
-8900
39366
130
19445
15239
5
-11828
-124
10
-22486
1154
21
-20723
-28420
43
-13376
42226
86
2805
-44322
173
-12427
42935
91
43099
-9752
182
-11412
47433
109
-15078
-758
218
-2016
32657
181
13984
2203
107
-14048
5684
214
7430
13283
172
44813
27971
89
-4861
24704
178
9200
18045
101
1570
5748
203
8595
45155
150
57932
-6337
44
-7094
53112
88
427
9320
176
664
-13367
97
7130
-25078
195
20117
49037
135
23317
1427
15
-38866
-28640
31
-21715
-22852
62
-23655
21872
125
12411
12764
251
7866
27823
246
37874
24793
237
17991
18855
219
41516
6727
183
16460
15491
111
-20280
64512
222
8816
-135
189
-742
66411
122
13521
4306
245
-5128
43035
235
30017
22961
215
19386
47963
174
42101
-32335
93
6423
2396
186
20968
39475
116
-38517
48098
232
13743
31553
209
5680
-32771
162
-9345
34549
68
32622
5350
136
-655
11845
16
-12765
25092
33
-7538
19072
67
2632
6648
134
31461
47079
13
9286
62536
27
10783
-4600
54
-6959
-8438
108
13238
17678
216
9848
69911
177
1368
43689
99
-8410
24140
199
27411
-14829
143
23241
4765
30
8829
-21452
60
-20333
24542
121
19933
50358
243
36648
36707
231
46871
42047
206
63573
20089
156
10462
8939
57
-20457
-12848
115
-35677
41752
230
20583
-11991
204
-5665
42701
152
25768
22163
49
441
13600
98
-9146
28350
197
34111
-6793
139
-20319
53609
22
-5287
10958
45
-18938
-41962
90
-42317
15400
180
-13708
33097
105
11606
2318
210
34554
38037
164
23259
11429
72
-28236
-8636
145
3034
-16127
34
-15320
1916
69
-8034
70514
138
45705
11743
20
-2059
-8136
41
-24088
-47126
82
-41735
5326
165
-17173
12181
74
1934
-6238
149
-25884
21693
42
-6452
12274
84
33023
25694
169
8063
20149
83
16401
9442
167
22489
20287
78
-18744
42486
157
-18966
-11163
59
-23799
12098
119
16885
-6404
238
7573
21489
221
-17868
44891
187
24760
-6225
118
3001
21594
236
147
12333
217
-22804
-6443
179
6624
22181
103
20930
14146
207
-1935
29951
158
-6468
29047
61
32167
-5658
123
-19955
-10170
247
17226
14469
239
49557
62851
223
31632
61693
191
-2720
-5389
15
-38866
-28640
31
-21715
-22852
62
-23655
21872
125
12411
12764
251
7866
27823
246
37874
24793
237
17991
18855
219
41516
6727
183
16460
15491
111
-20280
64512
222
8816
-135
189
-742
66411
122
13521
4306
245
-5128
43035
235
30017
22961
215
19386
47963
174
42101
-32335
93
6423
2396
186
20968
39475
116
-38517
48098
232
13743
31553
209
5680
-32771
162
-9345
34549
68
32622
5350
136
-655
11845
16
-12765
25092
33
-7538
19072
67
2632
6648
134
31461
47079
13
9286
62536
27
10783
-4600
54
-6959
-8438
108
13238
17678
216
9848
69911
177
1368
43689
99
-8410
24140
199
27411
-14829
143
23241
4765
30
8829
-21452
60
-20333
24542
121
19933
50358
243
36648
36707
231
46871
42047
206
63573
20089
156
10462
8939
57
-20457
-12848
115
-35677
41752
230
20583
-11991
204
-5665
42701
152
25768
22163
49
441
13600
98
-9146
28350
197
34111
-6793
139
-20319
53609
22
-5287
10958
45
-18938
-41962
90
-42317
15400
180
-13708
33097
105
11606
2318
210
34554
38037
164
23259
11429
72
-28236
-8636
145
3034
-16127
34
-15320
1916
69
-8034
70514
138
45705
11743
20
-2059
-8136
41
-24088
-47126
82
-41735
5326
165
-17173
12181
74
1934
-6238
149
-25884
21693
42
-6452
12274
84
33023
25694
169
8063
20149
83
16401
9442
167
22489
20287
78
-18744
42486
157
-18966
-11163
59
-23799
12098
119
16885
-6404
238
7573
21489
221
-17868
44891
187
24760
-6225
118
3001
21594
236
147
12333
217
-22804
-6443
179
6624
22181
103
20930
14146
207
-1935
29951
158
-6468
29047
61
32167
-5658
123
-19955
-10170
247
17226
14469
239
49557
62851
223
31632
61693
191
-2720
-5389
126
-741
23262
253
8148
15413
250
3962
32741
244
24384
34243
233
36623
4737
211
7346
44283
166
-11099
25327
76
-38674
-13352
153
-35272
-24537
51
-45623
-14138
102
-13794
5638
205
18863
13059
154
1078
27263
53
29453
-8972
106
-23068
-16286
212
-22576
34749
168
-3145
38899
81
36367
-18210
163
36831
-1993
70
-21178
-1816
140
-31963
30539
24
25473
-1520
48
-675
31642
96
-3138
-720
193
-12339
33369
131
-7
3117
7
16266
-25260
14
-2362
-15838
29
-43413
67902
58
29977
39028
117
36575
-18464
234
6673
29625
213
58252
-4375
170
26671
25037
85
14583
52112
171
49339
7323
87
-24275
16812
175
317
35537
95
21843
7704
190
22384
17065
124
17603
3786
249
29414
74509
242
19412
20625
229
-13825
75291
202
56743
-10705
148
-10012
13143
40
-10384
-3674
80
-7269
27078
161
-6987
23685
66
-38380
16262
132
-13429
2181
9
16598
5766
19
-10001
13956
39
-58514
29954
79
-28908
-3842
159
25296
26613
63
18053
-10396
127
-7065
13120
255
26148
-4489
254
2808
90215
252
-11644
18629
248
5382
-26749
240
-3918
13823
225
14723
29431
194
36473
27625
133
-16425
25033
11
-54414
-13426
23
-22931
8338
47
-17622
18718
94
-35141
39218
188
18250
14429
120
28601
31026
241
27594
63709
227
62159
-1229
198
8727
63841
141
48121
-33605
26
-55437
110
52
-6367
2900
104
-1630
72868
208
-12844
49475
160
17397
2563
64
19628
-25856
128
8067
14717
1
-35896
31604
2
-38862
-156
4
-27216
-31294
8
-13334
3710
17
1995
8950
35
-15748
-13852
71
-15434
-26176
142
23533
46457
28
62843
-3990
56
18531
-39858
113
17537
-12140
226
-449
42787
196
1595
21441
137
9701
-20613
18
-29241
-39438
37
-25924
-11174
75
-27386
12208
151
-17152
58965
46
-16554
-11484
92
16467
-21314
184
-15654
-8585
112
5801
-15256
224
12655
35915
192
13325
-23791
129
-9697
19227
3
-16214
-24272
6
-54206
51162
12
-20066
6830
25
11985
15190
50
26613
-856
100
-19546
32076
201
14613
32915
146
27670
2465
36
27556
6204
73
-5716
46578
147
-18246
29661
38
-8982
-4556
77
26678
-8224
155
5226
50103
55
-41031
36322
110
-11424
-24260
220
11824
18799
185
-1754
72023
114
36935
14760
228
43567
-1591
200
-3599
31247
144
-6802
65301
32
-6622
34856
65
-8900
39366
130
19445
15239
5
-11828
-124
10
-22486
1154
21
-20723
-28420
43
-13376
42226
86
2805
-44322
173
-12427
42935
91
43099
-9752
182
-11412
47433
109
-15078
-758
218
-2016
32657
181
13984
2203
107
-14048
5684
214
7430
13283
172
44813
27971
89
-4861
24704
178
9200
18045
101
1570
5748
203
8595
45155
150
57932
-6337
44
-7094
53112
88
427
9320
176
664
-13367
97
7130
-25078
195
20117
49037
135
23317
1427
15
-38866
-28640
31
-21715
-22852
62
-23655
21872
125
12411
12764
251
7866
27823
246
37874
24793
237
17991
18855
219
41516
6727
183
16460
15491
111
-20280
64512
222
8816
-135
189
-742
66411
122
13521
4306
245
-5128
43035
235
30017
22961
215
19386
47963
174
42101
-32335
93
6423
2396
186
20968
39475
116
-38517
48098
232
13743
31553
209
5680
-32771
162
-9345
34549
68
32622
5350
136
-655
11845
16
-12765
25092
33
-7538
19072
67
2632
6648
134
31461
47079
13
9286
62536
27
10783
-4600
54
-6959
-8438
108
13238
17678
216
9848
69911
177
1368
43689
99
-8410
24140
199
27411
-14829
143
23241
4765
30
8829
-21452
60
-20333
24542
121
19933
50358
243
36648
36707
231
46871
42047
206
63573
20089
156
10462
8939
57
-20457
-12848
115
-35677
41752
230
20583
-11991
204
-5665
42701
152
25768
22163
49
441
13600
98
-9146
28350
197
34111
-6793
139
-20319
53609
22
-5287
10958
45
-18938
-41962
90
-42317
15400
180
-13708
33097
105
11606
2318
210
34554
38037
164
23259
11429
72
-28236
-8636
145
3034
-16127
34
-15320
1916
69
-8034
70514
138
45705
11743
20
-2059
-8136
41
-24088
-47126
82
-41735
5326
165
-17173
12181
74
1934
-6238
149
-25884
21693
42
-6452
12274
84
33023
25694
169
8063
20149
83
16401
9442
167
22489
20287
78
-18744
42486
157
-18966
-11163
59
-23799
12098
119
16885
-6404
238
7573
21489
221
-17868
44891
187
24760
-6225
118
3001
21594
236
147
12333
217
-22804
-6443
179
6624
22181
103
20930
14146
207
-1935
29951
158
-6468
29047
61
32167
-5658
123
-19955
-10170
247
17226
14469
239
49557
62851
223
31632
61693
191
-2720
-5389
126
-741
23262
253
8148
15413
250
3962
32741
244
24384
34243
233
36623
4737
211
7346
44283
166
-11099
25327
76
-38674
-13352
153
-35272
-24537
51
-45623
-14138
102
-13794
5638
205
18863
13059
154
1078
27263
53
29453
-8972
106
-23068
-16286
212
-22576
34749
168
-3145
38899
81
36367
-18210
163
36831
-1993
70
-21178
-1816
140
-31963
30539
24
25473
-1520
48
-675
31642
96
-3138
-720
193
-12339
33369
131
-7
3117
7
16266
-25260
14
-2362
-15838
29
-43413
67902
58
29977
39028
117
36575
-18464
234
6673
29625
213
58252
-4375
170
26671
25037
85
14583
52112
171
49339
7323
87
-24275
16812
175
317
35537
95
21843
7704
190
22384
17065
124
17603
3786
249
29414
74509
242
19412
20625
229
-13825
75291
202
56743
-10705
148
-10012
13143
40
-10384
-3674
80
-7269
27078
161
-6987
23685
66
-38380
16262
132
-13429
2181
9
16598
5766
19
-10001
13956
39
-58514
29954
79
-28908
-3842
159
25296
26613
63
18053
-10396
127
-7065
13120
255
26148
-4489
254
2808
90215
252
-11644
18629
248
5382
-26749
240
-3918
13823
225
14723
29431
194
36473
27625
133
-16425
25033
11
-54414
-13426
23
-22931
8338
47
-17622
18718
94
-35141
39218
188
18250
14429
120
28601
31026
241
27594
63709
227
62159
-1229
198
8727
63841
141
48121
-33605
26
-55437
110
52
-6367
2900
104
-1630
72868
208
-12844
49475
160
17397
2563
64
19628
-25856
128
8067
14717
1
-35896
31604
2
-38862
-156
4
-27216
-31294
8
-13334
3710
17
1995
8950
35
-15748
-13852
71
-15434
-26176
158
-6468
29047
61
32167
-5658
123
-19955
-10170
247
17226
14469
239
49557
62851
223
31632
61693
191
-2720
-5389
126
-741
23262
253
8148
15413
250
3962
32741
244
24384
34243
233
36623
4737
211
7346
44283
166
-11099
25327
76
-38674
-13352
153
-35272
-24537
51
-45623
-14138
102
-13794
5638
205
18863
13059
154
1078
27263
53
29453
-8972
106
-23068
-16286
212
-22576
34749
168
-3145
38899
81
36367
-18210
163
36831
-1993
70
-21178
-1816
140
-31963
30539
24
25473
-1520
48
-675
31642
96
-3138
-720
193
-12339
33369
131
-7
3117
7
16266
-25260
14
-2362
-15838
29
-43413
67902
58
29977
39028
117
36575
-18464
234
6673
29625
213
58252
-4375
170
26671
25037
85
14583
52112
171
49339
7323
87
-24275
16812
175
317
35537
95
21843
7704
190
22384
17065
124
17603
3786
249
29414
74509
242
19412
20625
229
-13825
75291
202
56743
-10705
148
-10012
13143
40
-10384
-3674
80
-7269
27078
161
-6987
23685
66
-38380
16262
132
-13429
2181
9
16598
5766
19
-10001
13956
39
-58514
29954
79
-28908
-3842
159
25296
26613
63
18053
-10396
127
-7065
13120
255
26148
-4489
254
2808
90215
252
-11644
18629
248
5382
-26749
240
-3918
13823
225
14723
29431
194
36473
27625
133
-16425
25033
11
-54414
-13426
23
-22931
8338
47
-17622
18718
94
-35141
39218
188
18250
14429
120
28601
31026
241
27594
63709
227
62159
-1229
198
8727
63841
141
48121
-33605
26
-55437
110
52
-6367
2900
104
-1630
72868
208
-12844
49475
160
17397
2563
64
19628
-25856
128
8067
14717
1
-35896
31604
2
-38862
-156
4
-27216
-31294
8
-13334
3710
17
1995
8950
35
-15748
-13852
71
-15434
-26176
142
23533
46457
28
62843
-3990
56
18531
-39858
113
17537
-12140
226
-449
42787
196
1595
21441
137
9701
-20613
18
-29241
-39438
37
-25924
-11174
75
-27386
12208
151
-17152
58965
46
-16554
-11484
92
16467
-21314
184
-15654
-8585
112
5801
-15256
224
12655
35915
192
13325
-23791
129
-9697
19227
3
-16214
-24272
6
-54206
51162
12
-20066
6830
25
11985
15190
50
26613
-856
100
-19546
32076
201
14613
32915
146
27670
2465
36
27556
6204
73
-5716
46578
147
-18246
29661
38
-8982
-4556
77
26678
-8224
155
5226
50103
55
-41031
36322
110
-11424
-24260
220
11824
18799
185
-1754
72023
114
36935
14760
228
43567
-1591
200
-3599
31247
144
-6802
65301
32
-6622
34856
65
-8900
39366
130
19445
15239
5
-11828
-124
10
-22486
1154
21
-20723
-28420
43
-13376
42226
86
2805
-44322
173
-12427
42935
91
43099
-9752
182
-11412
47433
109
-15078
-758
218
-2016
32657
181
13984
2203
107
-14048
5684
214
7430
13283
172
44813
27971
89
-4861
24704
178
9200
18045
101
1570
5748
203
8595
45155
150
57932
-6337
44
-7094
53112
88
427
9320
176
664
-13367
97
7130
-25078
195
20117
49037
135
23317
1427
15
-38866
-28640
31
-21715
-22852
62
-23655
21872
125
12411
12764
251
7866
27823
246
37874
24793
237
17991
18855
219
41516
6727
183
16460
15491
111
-20280
64512
222
8816
-135
189
-742
66411
122
13521
4306
245
-5128
43035
235
30017
22961
215
19386
47963
174
42101
-32335
93
6423
2396
186
20968
39475
116
-38517
48098
232
13743
31553
209
5680
-32771
162
-9345
34549
68
32622
5350
136
-655
11845
16
-12765
25092
33
-7538
19072
67
2632
6648
134
31461
47079
13
9286
62536
27
10783
-4600
54
-6959
-8438
108
13238
17678
216
9848
69911
177
1368
43689
99
-8410
24140
199
27411
-14829
143
23241
4765
30
8829
-21452
60
-20333
24542
121
19933
50358
243
36648
36707
231
46871
42047
206
63573
20089
156
10462
8939
57
-20457
-12848
115
-35677
41752
230
20583
-11991
204
-5665
42701
152
25768
22163
49
441
13600
98
-9146
28350
197
34111
-6793
139
-20319
53609
22
-5287
10958
45
-18938
-41962
90
-42317
15400
180
-13708
33097
105
11606
2318
210
34554
38037
164
23259
11429
72
-28236
-8636
145
3034
-16127
34
-15320
1916
69
-8034
70514
138
45705
11743
20
-2059
-8136
41
-24088
-47126
82
-41735
5326
165
-17173
12181
74
1934
-6238
149
-25884
21693
42
-6452
12274
84
33023
25694
169
8063
20149
83
16401
9442
167
22489
20287
78
-18744
42486
157
-18966
-11163
59
-23799
12098
119
16885
-6404
238
7573
21489
221
-17868
44891
187
24760
-6225
118
3001
21594
236
147
12333
217
-22804
-6443
179
6624
22181
103
20930
14146
207
-1935
29951
158
-6468
29047
61
32167
-5658
123
-19955
-10170
247
17226
14469
239
49557
62851
223
31632
61693
191
-2720
-5389
126
-741
23262
253
8148
15413
250
3962
32741
244
24384
34243
233
36623
4737
211
7346
44283
166
-11099
25327
76
-38674
-13352
153
-35272
-24537
51
-45623
-14138
102
-13794
5638
205
18863
13059
154
1078
27263
53
29453
-8972
106
-23068
-16286
212
-22576
34749
168
-3145
38899
81
36367
-18210
163
36831
-1993
70
-21178
-1816
140
-31963
30539
24
25473
-1520
48
-675
31642
96
-3138
-720
193
-12339
33369
131
-7
3117
7
16266
-25260
14
-2362
-15838
29
-43413
67902
58
29977
39028
117
36575
-18464
234
6673
29625
213
58252
-4375
170
26671
25037
85
14583
52112
171
49339
7323
87
-24275
16812
175
317
35537
95
21843
7704
190
22384
17065
124
17603
3786
249
29414
74509
242
19412
20625
229
-13825
75291
202
56743
-10705
148
-10012
13143
40
-10384
-3674
80
-7269
27078
161
-6987
23685
66
-38380
16262
132
-13429
2181
9
16598
5766
19
-10001
13956
39
-58514
29954
79
-28908
-3842
159
25296
26613
63
18053
-10396
127
-7065
13120
255
26148
-4489
254
2808
90215
252
-11644
18629
248
5382
-26749
240
-3918
13823
225
14723
29431
194
36473
27625
133
-16425
25033
11
-54414
-13426
23
-22931
8338
47
-17622
18718
94
-35141
39218
188
18250
14429
120
28601
31026
241
27594
63709
227
62159
-1229
198
8727
63841
141
48121
-33605
26
-55437
110
52
-6367
2900
104
-1630
72868
208
-12844
49475
160
17397
2563
64
19628
-25856
128
8067
14717
1
-35896
31604
2
-38862
-156
4
-27216
-31294
8
-13334
3710
17
1995
8950
35
-15748
-13852
71
-15434
-26176
142
23533
46457
28
62843
-3990
56
18531
-39858
113
17537
-12140
226
-449
42787
196
1595
21441
137
9701
-20613
18
-29241
-39438
37
-25924
-11174
75
-27386
12208
151
-17152
58965
46
-16554
-11484
92
16467
-21314
184
-15654
-8585
112
5801
-15256
224
12655
35915
192
13325
-23791
129
-9697
19227
3
-16214
-24272
6
-54206
51162
12
-20066
6830
25
11985
15190
50
26613
-856
100
-19546
32076
201
14613
32915
146
27670
2465
36
27556
6204
73
-5716
46578
147
-18246
29661
38
-8982
-4556
77
26678
-8224
155
5226
50103
55
-41031
36322
110
-11424
-24260
220
11824
18799
185
-1754
72023
114
36935
14760
228
43567
-1591
200
-3599
31247
144
-6802
65301
32
-6622
34856
65
-8900
39366
130
19445
15239
5
-11828
-124
10
-22486
1154
21
-20723
-28420
43
-13376
42226
86
2805
-44322
173
-12427
42935
91
43099
-9752
182
-11412
47433
109
-15078
-758
218
-2016
32657
181
13984
2203
107
-14048
5684
214
7430
13283
172
44813
27971
89
-4861
24704
178
9200
18045
101
1570
5748
203
8595
45155
150
57932
-6337
44
-7094
53112
88
427
9320
176
664
-13367
97
7130
-25078
195
20117
49037
135
23317
1427
15
-38866
-28640
31
-21715
-22852
62
-23655
21872
125
12411
12764
251
7866
27823
246
37874
24793
237
17991
18855
219
41516
6727
183
16460
15491
111
-20280
64512
222
8816
-135
189
-742
66411
122
13521
4306
245
-5128
43035
235
30017
22961
215
19386
47963
174
42101
-32335
93
6423
2396
186
20968
39475
116
-38517
48098
232
13743
31553
209
5680
-32771
