131
-15701
132
-15870
133
-15966
134
-16062
135
-16158
136
-16254
137
-16350
138
-16446
139
-16542
140
-16638
141
-16734
142
-16830
143
-16926
144
-17022
145
-17118
146
-17214
147
-17310
148
-17406
149
-17502
150
-17598
151
-17694
152
-17790
153
-17886
154
-17982
155
-18078
156
-18174
157
-18270
158
-18366
159
-18462
160
-18558
161
-18654
162
-18750
163
-18846
164
-18942
165
-19038
166
-19134
167
-19230
168
-19326
169
-19422
170
-19518
171
-19614
172
-19710
173
-19806
174
-19902
175
-19998
176
-20094
177
-20190
178
-20286
179
-20382
180
-20478
181
-20574
182
-20670
183
-20766
184
-20862
185
-20958
186
-21054
187
-21150
188
-21246
189
-21342
190
-21438
191
-21534
192
-21630
193
-21726
194
-21822
195
-21918
196
-22014
197
-22110
198
-22206
199
-22302
200
-22398
201
-22494
202
-22590
203
-22686
204
-22782
205
-22878
206
-22974
207
-23070
208
-23166
209
-23262
210
-23358
211
-23454
212
-23550
213
-23646
214
-23742
215
-23838
216
-23934
217
-24030
218
-24126
219
-24222
220
-24318
221
-24414
222
-24510
223
-24606
224
-24702
225
-24798
226
-24894
227
-24990
228
-25086
229
-25182
230
-25278
231
-25374
232
-25470
233
-25566
234
-25662
235
-25758
236
-25854
237
-25950
238
-26046
239
-26142
240
-26238
241
-26334
242
-26430
243
-26526
244
-26622
245
-26718
246
-26814
247
-26910
248
-27006
249
-27102
250
-27198
251
-27294
1
-6808
2
3387
3
8562
4
8466
5
8370
6
8274
7
8178
8
8082
9
7986
10
7890
11
7794
12
7698
13
7602
14
7506
15
7410
16
7314
17
7218
18
7122
19
7026
20
6930
21
6834
22
6738
23
6642
24
6546
25
6450
26
6354
27
6258
28
6162
29
6066
30
5970
31
5874
32
5778
33
5682
34
5586
35
5490
36
5394
37
5298
38
5202
39
5106
40
5010
41
4914
42
4818
43
4722
44
4626
45
4530
46
4434
47
4338
48
4242
49
4146
50
4050
51
3954
52
3858
53
3762
54
3666
55
3570
56
3474
57
3378
58
3282
59
3186
60
3090
61
2994
62
2898
63
2802
64
2706
65
5371
66
-25347
67
-8626
68
-8722
69
-8818
70
-8914
71
-9010
72
-9106
73
-9202
74
-9298
75
-9394
76
-9490
77
-9586
78
-9682
79
-9778
80
-9874
81
-9970
82
-10066
83
-10162
84
-10258
85
-10354
86
-10450
87
-10546
88
-10642
89
-10738
90
-10834
91
-10930
92
-11026
93
-11122
94
-11218
95
-11314
96
-11410
97
-11506
98
-11602
99
-11698
100
-11794
101
-11890
102
-11986
103
-12082
104
-12178
105
-12274
106
-12370
107
-12466
108
-12562
109
-12658
110
-12754
111
-12850
112
-12946
113
-13042
114
-13138
115
-13234
116
-13330
117
-13426
118
-13522
119
-13618
120
-13714
121
-13810
122
-13906
123
-14002
124
-14098
125
-14194
126
-14290
127
-14386
128
-14482
129
-6044
130
-34001
131
-15774
132
-15870
133
-15966
134
-16062
135
-16158
136
-16254
137
-16350
138
-16446
139
-16542
140
-16638
141
-16734
142
-16830
143
-16926
144
-17022
145
-17118
146
-17214
147
-17310
148
-17406
149
-17502
150
-17598
151
-17694
152
-17790
153
-17886
154
-17982
155
-18078
156
-18174
157
-18270
158
-18366
159
-18462
160
-18558
161
-18654
162
-18750
163
-18846
164
-18942
165
-19038
166
-19134
167
-19230
168
-19326
169
-19422
170
-19518
171
-19614
172
-19710
173
-19806
174
-19902
175
-19998
176
-20094
177
-20190
178
-20286
179
-20382
180
-20478
181
-20574
182
-20670
183
-20766
184
-20862
185
-20958
186
-21054
187
-21150
188
-21246
189
-21342
190
-21438
191
-21534
192
-21630
193
-21726
194
-21822
195
-21918
196
-22014
197
-22110
198
-22206
199
-22302
200
-22398
201
-22494
202
-22590
203
-22686
204
-22782
205
-22878
206
-22974
207
-23070
208
-23166
209
-23262
210
-23358
211
-23454
212
-23550
213
-23646
214
-23742
215
-23838
216
-23934
217
-24030
218
-24126
219
-24222
220
-24318
221
-24414
222
-24510
223
-24606
224
-24702
225
-24798
226
-24894
227
-24990
228
-25086
229
-25182
230
-25278
231
-25374
232
-25470
233
-25566
234
-25662
235
-25758
236
-25854
237
-25950
238
-26046
239
-26142
240
-26238
241
-26334
242
-26430
243
-26526
244
-26622
245
-26718
246
-26814
247
-26910
248
-27006
249
-27102
250
-27198
251
-27294
1
-6808
2
3387
3
8562
4
8466
5
8370
6
8274
7
8178
8
8082
9
7986
10
7890
11
7794
12
7698
13
7602
14
7506
15
7410
16
7314
17
7218
18
7122
19
7026
20
6930
21
6834
22
6738
23
6642
24
6546
25
6450
26
6354
27
6258
28
6162
29
6066
30
5970
31
5874
32
5778
33
5682
34
5586
35
5490
36
5394
37
5298
38
5202
39
5106
40
5010
41
4914
42
4818
43
4722
44
4626
45
4530
46
4434
47
4338
48
4242
49
4146
50
4050
51
3954
52
3858
53
3762
54
3666
55
3570
56
3474
57
3378
58
3282
59
3186
60
3090
61
2994
62
2898
63
2802
64
2706
65
5371
66
-25347
67
-8626
68
-8722
69
-8818
70
-8914
71
-9010
72
-9106
73
-9202
74
-9298
75
-9394
76
-9490
77
-9586
78
-9682
79
-9778
80
-9874
81
-9970
82
-10066
83
-10162
84
-10258
85
-10354
86
-10450
87
-10546
88
-10642
89
-10738
90
-10834
91
-10930
92
-11026
93
-11122
94
-11218
95
-11314
96
-11410
97
-11506
98
-11602
99
-11698
100
-11794
101
-11890
102
-11986
103
-12082
104
-12178
105
-12274
106
-12370
107
-12466
108
-12562
109
-12658
110
-12754
111
-12850
112
-12946
113
-13042
114
-13138
115
-13234
116
-13330
117
-13426
118
-13522
119
-13618
120
-13714
121
-13810
122
-13906
123
-14002
124
-14098
125
-14194
126
-14290
127
-14386
128
-14482
129
-6044
130
-34001
131
-15774
132
-15870
133
-15966
134
-16062
135
-16158
136
-16254
137
-16350
138
-16446
139
-16542
140
-16638
141
-16734
142
-16830
143
-16926
144
-17022
145
-17118
146
-17214
147
-17310
148
-17406
149
-17502
150
-17598
151
-17694
152
-17790
153
-17886
154
-17982
155
-18078
156
-18174
157
-18270
158
-18366
159
-18462
160
-18558
161
-18654
162
-18750
163
-18846
164
-18942
165
-19038
166
-19134
167
-19230
168
-19326
169
-19422
170
-19518
171
-19614
172
-19710
173
-19806
174
-19902
175
-19998
176
-20094
177
-20190
178
-20286
179
-20382
180
-20478
181
-20574
182
-20670
183
-20766
184
-20862
185
-20958
186
-21054
187
-21150
188
-21246
189
-21342
190
-21438
191
-21534
192
-21630
193
-21726
194
-21822
195
-21918
196
-22014
197
-22110
198
-22206
199
-22302
200
-22398
201
-22494
202
-22590
203
-22686
204
-22782
205
-22878
206
-22974
207
-23070
208
-23166
209
-23262
210
-23358
211
-23454
212
-23550
213
-23646
214
-23742
215
-23838
216
-23934
217
-24030
218
-24126
219
-24222
220
-24318
221
-24414
222
-24510
223
-24606
224
-24702
225
-24798
226
-24894
227
-24990
228
-25086
229
-25182
230
-25278
231
-25374
232
-25470
233
-25566
234
-25662
235
-25758
236
-25854
237
-25950
238
-26046
239
-26142
240
-26238
241
-26334
242
-26430
243
-26526
244
-26622
245
-26718
246
-26814
247
-26910
248
-27006
249
-27102
250
-27198
251
-27294
1
-6808
2
3387
3
8562
4
8466
5
8370
6
8274
7
8178
8
8082
9
7986
10
7890
11
7794
12
7698
13
7602
14
7506
15
7410
16
7314
17
7218
18
7122
19
7026
20
6930
21
6834
22
6738
23
6642
24
6546
25
6450
26
6354
27
6258
28
6162
29
6066
30
5970
31
5874
32
5778
33
5682
34
5586
35
5490
36
5394
37
5298
38
5202
39
5106
40
5010
41
4914
42
4818
43
4722
44
4626
45
4530
46
4434
47
4338
48
4242
49
4146
50
4050
51
3954
52
3858
53
3762
54
3666
55
3570
56
3474
57
3378
58
3282
59
3186
60
3090
61
2994
62
2898
63
2802
64
2706
65
5371
66
-25347
67
-8626
68
-8722
69
-8818
70
-8914
71
-9010
72
-9106
73
-9202
74
-9298
75
-9394
76
-9490
77
-9586
78
-9682
79
-9778
80
-9874
81
-9970
82
-10066
83
-10162
84
-10258
85
-10354
86
-10450
87
-10546
88
-10642
89
-10738
90
-10834
91
-10930
92
-11026
93
-11122
94
-11218
95
-11314
96
-11410
97
-11506
98
-11602
99
-11698
100
-11794
101
-11890
102
-11986
103
-12082
104
-12178
105
-12274
106
-12370
107
-12466
108
-12562
109
-12658
110
-12754
111
-12850
112
-12946
113
-13042
114
-13138
115
-13234
116
-13330
117
-13426
118
-13522
119
-13618
120
-13714
121
-13810
122
-13906
123
-14002
124
-14098
125
-14194
126
-14290
127
-14386
128
-14482
129
-6044
130
-34001
131
-15774
132
-15870
133
-15966
134
-16062
135
-16158
136
-16254
137
-16350
138
-16446
139
-16542
140
-16638
141
-16734
142
-16830
143
-16926
144
-17022
145
-17118
146
-17214
147
-17310
148
-17406
149
-17502
150
-17598
151
-17694
152
-17790
153
-17886
154
-17982
155
-18078
156
-18174
157
-18270
158
-18366
159
-18462
160
-18558
161
-18654
162
-18750
163
-18846
164
-18942
165
-19038
166
-19134
167
-19230
168
-19326
169
-19422
170
-19518
171
-19614
172
-19710
173
-19806
174
-19902
175
-19998
176
-20094
177
-20190
178
-20286
179
-20382
180
-20478
181
-20574
182
-20670
183
-20766
184
-20862
185
-20958
186
-21054
187
-21150
188
-21246
189
-21342
190
-21438
191
-21534
192
-21630
193
-21726
194
-21822
195
-21918
196
-22014
197
-22110
198
-22206
199
-22302
200
-22398
201
-22494
202
-22590
203
-22686
204
-22782
205
-22878
206
-22974
207
-23070
208
-23166
209
-23262
210
-23358
211
-23454
212
-23550
213
-23646
214
-23742
215
-23838
216
-23934
217
-24030
218
-24126
219
-24222
220
-24318
221
-24414
222
-24510
223
-24606
224
-24702
225
-24798
226
-24894
227
-24990
228
-25086
229
-25182
230
-25278
231
-25374
232
-25470
233
-25566
234
-25662
235
-25758
236
-25854
237
-25950
238
-26046
239
-26142
240
-26238
241
-26334
242
-26430
243
-26526
244
-26622
245
-26718
246
-26814
247
-26910
248
-27006
249
-27102
250
-27198
251
-27294
1
-6808
2
3387
3
8562
4
8466
5
8370
6
8274
7
8178
8
8082
9
7986
10
7890
11
7794
12
7698
13
7602
14
7506
15
7410
16
7314
17
7218
18
7122
19
7026
20
6930
21
6834
22
6738
23
6642
24
6546
25
6450
26
6354
27
6258
28
6162
29
6066
30
5970
31
5874
32
5778
33
5682
34
5586
35
5490
36
5394
37
5298
38
5202
39
5106
40
5010
41
4914
42
4818
43
4722
44
4626
45
4530
46
4434
47
4338
48
4242
49
4146
50
4050
51
3954
52
3858
53
3762
54
3666
55
3570
56
3474
57
3378
58
3282
59
3186
60
3090
61
2994
62
2898
63
2802
64
2706
65
5371
66
-25347
67
-8626
68
-8722
69
-8818
70
-8914
71
-9010
72
-9106
73
-9202
74
-9298
75
-9394
76
-9490
77
-9586
78
-9682
79
-9778
80
-9874
81
-9970
82
-10066
83
-10162
84
-10258
85
-10354
86
-10450
66
8938
132
1961
9
-9417
19
4750
39
15088
79
630
159
-19832
63
-5460
127
-8995
255
-22487
254
-37975
252
-18690
248
-25995
240
-24772
225
-24055
194
-22496
133
-13719
11
9758
23
-2963
47
15427
94
-35
188
-21101
120
-13887
241
-31374
227
-7716
198
-34857
141
-16976
26
4751
52
-12792
104
-15440
208
-5164
160
-6232
64
-10461
128
-28636
1
7618
2
3173
4
11995
8
-17077
17
1715
35
3223
71
17899
142
-20941
28
-7617
56
-7376
113
-19098
226
-10812
196
-29054
137
-5165
18
6830
37
-10363
75
-10643
151
-1525
46
-4493
92
-7022
184
-12342
112
-12280
224
-26653
192
1933
129
-21634
3
9761
6
-4522
12
12516
25
-17542
50
742
100
12998
201
-25020
146
-10118
36
-29691
73
962
147
-12414
38
-4874
77
-6219
155
-10943
55
-3661
110
-3668
220
-11772
185
-5190
114
-9905
228
-16254
200
-18268
144
-26225
32
764
65
-16503
130
-11533
5
-3069
10
3264
21
13520
43
-14088
86
19310
173
-18222
91
-8336
182
-8565
109
-24831
218
-31672
181
-18464
107
5957
214
-20438
172
-38260
89
2273
178
-39222
101
-7702
203
-33447
150
-21911
44
-12278
88
141
176
-13995
97
-14021
195
-30320
135
-17164
15
-2969
31
12650
62
10784
125
-9278
251
-33968
246
-39394
237
-19963
219
-28726
183
-24635
111
-23776
222
-1607
189
-36631
122
5656
245
-21165
235
-28151
215
-40080
174
-27297
93
-27572
186
-20537
116
-5979
232
-29962
209
-3342
162
-32059
68
-22674
136
-12209
16
4825
33
-2538
67
-10972
134
-454
13
-2454
27
2765
54
12625
108
-4089
216
-23383
177
-6801
99
-11784
199
-20051
143
-37693
30
-7994
60
2639
121
-20611
243
-15567
231
-38625
206
-18300
156
-19509
57
-440
115
-17221
230
-19039
204
-29529
152
-7680
49
1821
98
-14264
197
-13082
139
-6364
22
-23565
45
7144
90
-11498
180
-3028
105
-13552
210
-30725
164
-17913
72
7098
145
-29551
34
5891
69
-6086
138
-12242
20
-6052
41
-2681
82
-9751
165
2031
74
-3477
149
1028
42
-11326
84
-4709
169
-9445
83
-6547
167
-3644
78
-14886
157
-247
59
-12311
119
-6864
238
-19790
221
-32538
187
-13883
118
-22230
236
163
217
-21467
179
-32662
103
-23919
207
-3400
158
-40260
61
-13107
123
-1702
247
-23812
239
-39282
223
-21343
191
-25634
126
-24267
253
-2568
250
-26826
244
-37245
233
-27458
211
-27737
166
-24222
76
-22765
153
-11048
51
7086
102
-3717
205
-13599
154
-8741
53
-28444
106
3435
212
-13331
168
-6801
81
-13106
163
-34111
70
2477
140
-1390
24
-14390
48
-5157
96
-16003
193
-4725
131
-5561
7
-20616
14
13167
29
11861
58
-18749
117
9885
234
-31289
213
-34139
170
-15356
85
-25301
171
-17502
87
-116
175
-6761
95
-19555
190
-9606
124
-25184
249
-32503
242
-8467
229
-36338
202
-25665
148
-18328
40
579
80
-15144
161
-8918
66
-3764
132
1961
9
-9417
19
4750
39
15088
79
630
159
-19832
63
-5460
127
-8995
255
-22487
254
-37975
252
-18690
248
-25995
240
-24772
225
-24055
194
-22496
133
-13719
11
9758
23
-2963
47
15427
94
-35
188
-21101
120
-13887
241
-31374
227
-7716
198
-34857
141
-16976
26
4751
52
-12792
104
-15440
208
-5164
160
-6232
64
-10461
128
-28636
1
7618
2
3173
4
11995
8
-17077
17
1715
35
3223
71
17899
142
-20941
28
-7617
56
-7376
113
-19098
226
-10812
196
-29054
137
-5165
18
6830
37
-10363
75
-10643
151
-1525
46
-4493
92
-7022
184
-12342
112
-12280
224
-26653
192
1933
129
-21634
3
9761
6
-4522
12
12516
25
-17542
50
742
100
12998
201
-25020
146
-10118
36
-29691
73
962
147
-12414
38
-4874
77
-6219
155
-10943
55
-3661
110
-3668
220
-11772
185
-5190
114
-9905
228
-16254
200
-18268
144
-26225
32
764
65
-16503
130
-11533
5
-3069
10
3264
21
13520
43
-14088
86
19310
173
-18222
91
-8336
182
-8565
109
-24831
218
-31672
181
-18464
107
5957
214
-20438
172
-38260
89
2273
178
-39222
101
-7702
203
-33447
150
-21911
44
-12278
88
141
176
-13995
97
-14021
195
-30320
135
-17164
15
-2969
31
12650
62
10784
125
-9278
251
-33968
246
-39394
237
-19963
219
-28726
183
-24635
111
-23776
222
-1607
189
-36631
122
5656
245
-21165
235
-28151
215
-40080
174
-27297
93
-27572
186
-20537
116
-5979
232
-29962
209
-3342
162
-32059
68
-22674
136
-12209
16
4825
33
-2538
67
-10972
134
-454
13
-2454
27
2765
54
12625
108
-4089
216
-23383
177
-6801
99
-11784
199
-20051
143
-37693
30
-7994
60
2639
121
-20611
243
-15567
231
-38625
206
-18300
156
-19509
57
-440
115
-17221
230
-19039
204
-29529
152
-7680
49
1821
98
-14264
197
-13082
139
-6364
22
-23565
45
7144
90
-11498
180
-3028
105
-13552
210
-30725
164
-17913
72
7098
145
-29551
34
5891
69
-6086
138
-12242
20
-6052
41
-2681
82
-9751
165
2031
74
-3477
149
1028
42
-11326
84
-4709
169
-9445
83
-6547
167
-3644
78
-14886
157
-247
59
-12311
119
-6864
238
-19790
221
-32538
187
-13883
118
-22230
236
163
217
-21467
179
-32662
103
-23919
207
-3400
158
-40260
61
-13107
123
-1702
247
-23812
239
-39282
223
-21343
91
-4613
182
-8565
109
-24831
218
-31672
181
-18464
107
5957
214
-20438
172
-38260
89
2273
178
-39222
101
-7702
203
-33447
150
-21911
44
-12278
88
141
176
-13995
97
-14021
195
-30320
135
-17164
15
-2969
31
12650
62
10784
125
-9278
251
-33968
246
-39394
237
-19963
219
-28726
183
-24635
111
-23776
222
-1607
189
-36631
122
5656
245
-21165
235
-28151
215
-40080
174
-27297
93
-27572
186
-20537
116
-5979
232
-29962
209
-3342
162
-32059
68
-22674
136
-12209
16
4825
33
-2538
67
-10972
134
-454
13
-2454
27
2765
54
12625
108
-4089
216
-23383
177
-6801
99
-11784
199
-20051
143
-37693
30
-7994
60
2639
121
-20611
243
-15567
231
-38625
206
-18300
156
-19509
57
-440
115
-17221
230
-19039
204
-29529
152
-7680
49
1821
98
-14264
197
-13082
139
-6364
22
-23565
45
7144
90
-11498
180
-3028
105
-13552
210
-30725
164
-17913
72
7098
145
-29551
34
5891
69
-6086
138
-12242
20
-6052
41
-2681
82
-9751
165
2031
74
-3477
149
1028
42
-11326
84
-4709
169
-9445
83
-6547
167
-3644
78
-14886
157
-247
59
-12311
119
-6864
238
-19790
221
-32538
187
-13883
118
-22230
236
163
217
-21467
179
-32662
103
-23919
207
-3400
158
-40260
61
-13107
123
-1702
247
-23812
239
-39282
223
-21343
191
-25634
126
-24267
253
-2568
250
-26826
244
-37245
233
-27458
211
-27737
166
-24222
76
-22765
153
-11048
51
7086
102
-3717
205
-13599
154
-8741
53
-28444
106
3435
212
-13331
168
-6801
81
-13106
163
-34111
70
2477
140
-1390
24
-14390
48
-5157
96
-16003
193
-4725
131
-5561
7
-20616
14
13167
29
11861
58
-18749
117
9885
234
-31289
213
-34139
170
-15356
85
-25301
171
-17502
87
-116
175
-6761
95
-19555
190
-9606
124
-25184
249
-32503
242
-8467
229
-36338
202
-25665
148
-18328
40
579
80
-15144
161
-8918
66
-3764
132
1961
9
-9417
19
4750
39
15088
79
630
159
-19832
63
-5460
127
-8995
255
-22487
254
-37975
252
-18690
248
-25995
240
-24772
225
-24055
194
-22496
133
-13719
11
9758
23
-2963
47
15427
94
-35
188
-21101
120
-13887
241
-31374
227
-7716
198
-34857
141
-16976
26
4751
52
-12792
104
-15440
208
-5164
160
-6232
64
-10461
128
-28636
1
7618
2
3173
4
11995
8
-17077
17
1715
35
3223
71
17899
142
-20941
28
-7617
56
-7376
113
-19098
226
-10812
196
-29054
137
-5165
18
6830
37
-10363
75
-10643
151
-1525
46
-4493
92
-7022
184
-12342
112
-12280
224
-26653
192
1933
129
-21634
3
9761
6
-4522
12
12516
25
-17542
50
742
100
12998
201
-25020
146
-10118
36
-29691
73
962
147
-12414
38
-4874
77
-6219
155
-10943
55
-3661
110
-3668
220
-11772
185
-5190
114
-9905
228
-16254
200
-18268
144
-26225
32
764
65
-16503
130
-11533
5
-3069
10
3264
21
13520
43
-14088
86
19310
173
-18222
91
-8336
182
-8565
109
-24831
218
-31672
181
-18464
107
5957
214
-20438
172
-38260
89
2273
178
-39222
101
-7702
203
-33447
150
-21911
44
-12278
88
141
176
-13995
97
-14021
195
-30320
135
-17164
15
-2969
31
12650
62
10784
125
-9278
251
-33968
246
-39394
237
-19963
219
-28726
183
-24635
111
-23776
222
-1607
189
-36631
122
5656
245
-21165
235
-28151
215
-40080
174
-27297
93
-27572
186
-20537
116
-5979
232
-29962
209
-3342
162
-32059
68
-22674
136
-12209
16
4825
33
-2538
67
-10972
134
-454
13
-2454
27
2765
54
12625
108
-4089
216
-23383
177
-6801
99
-11784
199
-20051
143
-37693
30
-7994
60
2639
121
-20611
243
-15567
231
-38625
206
-18300
156
-19509
57
-440
115
-17221
230
-19039
204
-29529
152
-7680
49
1821
98
-14264
197
-13082
139
-6364
22
-23565
45
7144
90
-11498
180
-3028
105
-13552
210
-30725
164
-17913
72
7098
145
-29551
34
5891
69
-6086
138
-12242
20
-6052
41
-2681
82
-9751
165
2031
74
-3477
149
1028
42
-11326
84
-4709
169
-9445
83
-6547
167
-3644
78
-14886
157
-247
59
-12311
119
-6864
238
-19790
221
-32538
187
-13883
118
-22230
236
163
217
-21467
179
-32662
103
-23919
207
-3400
158
-40260
61
-13107
123
-1702
247
-23812
239
-39282
223
-21343
191
-25634
126
-24267
253
-2568
250
-26826
244
-37245
233
-27458
211
-27737
166
-24222
76
-22765
153
-11048
51
7086
102
-3717
205
-13599
154
-8741
53
-28444
106
3435
212
-13331
168
-6801
81
-13106
163
-34111
70
2477
140
-1390
24
-14390
48
-5157
96
-16003
193
-4725
131
-5561
7
-20616
14
13167
29
11861
58
-18749
117
9885
234
-31289
213
-34139
170
-15356
85
-25301
171
-17502
87
-116
175
-6761
95
-19555
190
-9606
124
-25184
249
-32503
242
-8467
229
-36338
202
-25665
148
-18328
40
579
80
-15144
161
-8918
66
-3764
132
1961
9
-9417
19
4750
39
15088
79
630
159
-19832
63
-5460
127
-8995
255
-22487
254
-37975
252
-18690
248
-25995
240
-24772
225
-24055
194
-22496
133
-13719
11
9758
23
-2963
47
15427
94
-35
188
-21101
120
-13887
241
-31374
227
-7716
198
-34857
141
-16976
26
4751
52
-12792
104
-15440
208
-5164
160
-6232
64
-10461
128
-28636
1
7618
2
3173
4
11995
8
-17077
17
1715
35
3223
149
6503
42
-11326
84
-4709
169
-9445
83
-6547
167
-3644
78
-14886
157
-247
59
-12311
119
-6864
238
-19790
221
-32538
187
-13883
118
-22230
236
163
217
-21467
179
-32662
103
-23919
207
-3400
158
-40260
61
-13107
123
-1702
247
-23812
239
-39282
223
-21343
191
-25634
126
-24267
253
-2568
250
-26826
244
-37245
233
-27458
211
-27737
166
-24222
76
-22765
153
-11048
51
7086
102
-3717
205
-13599
154
-8741
53
-28444
106
3435
212
-13331
168
-6801
81
-13106
163
-34111
70
2477
140
-1390
24
-14390
48
-5157
96
-16003
193
-4725
131
-5561
7
-20616
14
13167
29
11861
58
-18749
117
9885
234
-31289
213
-34139
170
-15356
85
-25301
171
-17502
87
-116
175
-6761
95
-19555
190
-9606
124
-25184
249
-32503
242
-8467
229
-36338
202
-25665
148
-18328
40
579
80
-15144
161
-8918
66
-3764
132
1961
9
-9417
19
4750
39
15088
79
630
159
-19832
63
-5460
127
-8995
255
-22487
254
-37975
252
-18690
248
-25995
240
-24772
225
-24055
194
-22496
133
-13719
11
9758
23
-2963
47
15427
94
-35
188
-21101
120
-13887
241
-31374
227
-7716
198
-34857
141
-16976
26
4751
52
-12792
104
-15440
208
-5164
160
-6232
64
-10461
128
-28636
1
7618
2
3173
4
11995
8
-17077
17
1715
35
3223
71
17899
142
-20941
28
-7617
56
-7376
113
-19098
226
-10812
196
-29054
137
-5165
18
6830
37
-10363
75
-10643
151
-1525
46
-4493
92
-7022
184
-12342
112
-12280
224
-26653
192
1933
129
-21634
3
9761
6
-4522
12
12516
25
-17542
50
742
100
12998
201
-25020
146
-10118
36
-29691
73
962
147
-12414
38
-4874
77
-6219
155
-10943
55
-3661
110
-3668
220
-11772
185
-5190
114
-9905
228
-16254
200
-18268
144
-26225
32
764
65
-16503
130
-11533
5
-3069
10
3264
21
13520
43
-14088
86
19310
173
-18222
91
-8336
182
-8565
109
-24831
218
-31672
181
-18464
107
5957
214
-20438
172
-38260
89
2273
178
-39222
101
-7702
203
-33447
150
-21911
44
-12278
88
141
176
-13995
97
-14021
195
-30320
135
-17164
15
-2969
31
12650
62
10784
125
-9278
251
-33968
246
-39394
237
-19963
219
-28726
183
-24635
111
-23776
222
-1607
189
-36631
122
5656
245
-21165
235
-28151
215
-40080
174
-27297
93
-27572
186
-20537
116
-5979
232
-29962
209
-3342
162
-32059
68
-22674
136
-12209
16
4825
33
-2538
67
-10972
134
-454
13
-2454
27
2765
54
12625
108
-4089
216
-23383
177
-6801
99
-11784
199
-20051
143
-37693
30
-7994
60
2639
121
-20611
243
-15567
231
-38625
206
-18300
156
-19509
57
-440
115
-17221
230
-19039
204
-29529
152
-7680
49
1821
98
-14264
197
-13082
139
-6364
22
-23565
45
7144
90
-11498
180
-3028
105
-13552
210
-30725
164
-17913
72
7098
145
-29551
34
5891
69
-6086
138
-12242
20
-6052
41
-2681
82
-9751
165
2031
74
-3477
149
1028
42
-11326
84
-4709
169
-9445
83
-6547
167
-3644
78
-14886
157
-247
59
-12311
119
-6864
238
-19790
221
-32538
187
-13883
118
-22230
236
163
217
-21467
179
-32662
103
-23919
207
-3400
158
-40260
61
-13107
123
-1702
247
-23812
239
-39282
223
-21343
191
-25634
126
-24267
253
-2568
250
-26826
244
-37245
233
-27458
211
-27737
166
-24222
76
-22765
153
-11048
51
7086
102
-3717
205
-13599
154
-8741
53
-28444
106
3435
212
-13331
168
-6801
81
-13106
163
-34111
70
2477
140
-1390
24
-14390
48
-5157
96
-16003
193
-4725
131
-5561
7
-20616
14
13167
29
11861
58
-18749
117
9885
234
-31289
213
-34139
170
-15356
85
-25301
171
-17502
87
-116
175
-6761
95
-19555
190
-9606
124
-25184
249
-32503
242
-8467
229
-36338
202
-25665
148
-18328
40
579
80
-15144
161
-8918
66
-3764
132
1961
9
-9417
19
4750
39
15088
79
630
159
-19832
63
-5460
127
-8995
255
-22487
254
-37975
252
-18690
248
-25995
240
-24772
225
-24055
194
-22496
133
-13719
11
9758
23
-2963
47
15427
94
-35
188
-21101
120
-13887
241
-31374
227
-7716
198
-34857
141
-16976
26
4751
52
-12792
104
-15440
208
-5164
160
-6232
64
-10461
128
-28636
1
7618
2
3173
4
11995
8
-17077
17
1715
35
3223
71
17899
142
-20941
28
-7617
56
-7376
113
-19098
226
-10812
196
-29054
137
-5165
18
6830
37
-10363
75
-10643
151
-1525
46
-4493
92
-7022
184
-12342
112
-12280
224
-26653
192
1933
129
-21634
3
9761
6
-4522
12
12516
25
-17542
50
742
100
12998
201
-25020
146
-10118
36
-29691
73
962
147
-12414
38
-4874
77
-6219
155
-10943
55
-3661
110
-3668
220
-11772
185
-5190
114
-9905
228
-16254
200
-18268
144
-26225
32
764
65
-16503
130
-11533
5
-3069
10
3264
21
13520
43
-14088
86
19310
173
-18222
91
-8336
182
-8565
109
-24831
218
-31672
181
-18464
107
5957
214
-20438
172
-38260
89
2273
178
-39222
101
-7702
203
-33447
150
-21911
44
-12278
88
141
176
-13995
97
-14021
195
-30320
135
-17164
15
-2969
31
12650
62
10784
125
-9278
251
-33968
246
-39394
237
-19963
219
-28726
183
-24635
111
-23776
222
-1607
189
-36631
122
5656
245
-21165
235
-28151
215
-40080
174
-27297
93
-27572
186
-20537
116
-5979
232
-29962
