4
4
4
4
4
4
4
4
4
4
4
4
4
4
4
4
4
4
4
4
4
4
4
4
244
484
3
-476
-235
4
4
4
4
4
4
4
4
4
4
4
4
4
4
4
4
4
4
4
4
4
4
4
4
4
4
244
482
3
-474
-235
4
4
4
4
4
4
4
4
4
4
4
4
4
4
4
4
4
4
4
4
4
4
4
4
4
4
243
482
3
-474
4
4
4
4
4
4
4
4
4
4
4
4
4
4
4
4
4
4
4
4
4
4
4
4
4
4
4
243
480
3
4
4
4
4
4
4
4
4
4
4
4
4
4
4
4
4
4
4
4
4
4
4
4
4
4
4
4
4
242
480
4
4
4
4
4
4
4
4
4
4
4
4
4
4
4
4
4
4
4
4
4
4
4
4
4
4
4
4
4
242
4
4
4
4
4
4
218
218
3
3
3
3
3
3
3
3
3
3
3
3
3
3
-203
-203
4
4
4
4
4
4
4
4
4
4
4
4
646
646
1
1
1
1
1
1
1
1
1
1
1
1
1
1
-617
-617
4
4
4
4
4
4
4
4
4
4
4
4
860
860
0
0
0
0
0
0
0
0
0
0
0
0
0
0
-824
-824
4
4
4
4
4
4
4
4
4
4
4
4
860
860
0
0
0
0
0
0
0
0
0
0
0
0
0
0
-824
-824
4
4
4
4
4
4
4
4
4
4
4
4
860
860
0
0
0
0
0
0
0
0
0
0
0
0
0
0
-824
-824
4
4
4
4
4
4
4
4
4
4
4
4
860
860
0
0
0
0
0
0
0
0
0
0
0
0
0
0
-824
-824
4
4
4
4
4
4
4
4
4
4
4
4
860
860
0
0
0
0
0
0
0
0
0
0
0
0
0
0
-824
-824
4
4
4
4
4
4
4
4
4
4
4
4
860
860
0
0
0
0
0
0
0
0
0
0
0
0
0
0
-824
-824
4
4
4
4
4
4
4
4
4
4
4
4
860
860
0
0
0
0
0
0
0
0
0
0
0
0
0
0
-824
-824
4
4
4
4
4
4
4
4
4
4
4
4
860
860
0
0
0
0
0
0
0
0
0
0
0
0
0
0
-824
-824
4
4
4
4
4
4
4
4
4
4
4
4
860
860
0
0
0
0
0
0
0
0
0
0
0
0
0
0
-824
-824
4
4
4
4
4
4
4
4
4
4
4
4
860
860
0
0
0
0
0
0
0
0
0
0
0
0
0
0
-824
-824
4
4
4
4
4
4
4
4
4
4
4
4
646
646
1
1
1
1
1
1
1
1
1
1
1
1
1
1
-617
-617
4
4
4
4
4
4
4
4
4
4
4
4
218
218
3
3
3
3
3
3
3
3
3
3
3
3
3
3
-203
-203
4
4
4
4
4
4
4
4
4
4
4
4
4
4
4
4
4
4
4
4
4
4
4
4
4
4
4
4
4
4
4
4
4
4
4
4
4
4
4
4
4
4
4
4
4
4
4
4
4
4
4
4
4
4
4
4
4
4
4
4
4
4
4
4
4
4
4
4
4
4
4
4
4
4
4
4
4
4
4
4
4
4
4
4
4
4
4
4
4
4
4
4
4
4
4
4
4
4
4
4
4
4
4
4
4
4
4
4
4
4
4
4
4
4
4
4
4
4
4
4
4
4
4
4
4
4
4
4
4
4
4
4
4
4
4
4
4
4
4
4
4
4
4
4
4
4
4
4
4
4
4
4
4
4
4
4
4
4
4
4
4
4
4
4
4
4
4
4
4
4
4
4
4
4
4
4
4
4
4
4
4
4
4
4
4
4
4
4
4
4
4
4
4
4
4
4
4
4
4
4
4
4
4
4
4
4
4
4
4
4
4
4
4
4
4
4
4
4
4
4
4
4
4
4
4
4
4
4
4
4
4
4
4
4
4
4
4
4
4
4
4
4
4
4
4
4
4
4
4
4
4
4
4
4
4
4
4
4
4
4
4
4
4
4
4
4
4
4
4
4
4
4
4
4
4
4
4
4
4
4
4
4
4
4
4
4
4
4
4
4
4
4
4
4
4
4
4
4
4
4
4
4
4
4
4
4
